name,type,link,cat_1,cat_2,cat_3,cat_4,cat_5,cat_6,cat_7,cat_8,cat_9,cat_10
Oba Ayçiçek Yağı 5 L Pet,,https://www.migros.com.tr/oba-aycicek-yagi-5-l-pet-p-3eb792,Temel Gıda,Sıvı Yağ,Ayçicek Yağı,,,,,,,
Yudum Ayçiçek Yağı 1 L,,https://www.migros.com.tr/yudum-aycicek-yagi-1-l-p-3eb841,Temel Gıda,Sıvı Yağ,Ayçicek Yağı,,,,,,,
Migros Ayçiçek Yağı 2 L,,https://www.migros.com.tr/migros-aycicek-yagi-2-l-p-3ebaeb,Temel Gıda,Sıvı Yağ,Ayçicek Yağı,,,,,,,
Migros Ayçiçek Yağı 1 L,,https://www.migros.com.tr/migros-aycicek-yagi-1-l-p-3ebaea,Temel Gıda,Sıvı Yağ,Ayçicek Yağı,,,,,,,
Yudum Ayçiçek Yağı 2 L,,https://www.migros.com.tr/yudum-aycicek-yagi-2-l-p-3eb842,Temel Gıda,Sıvı Yağ,Ayçicek Yağı,,,,,,,
Komili Ayçiçek Yağı 4 L Pet,,https://www.migros.com.tr/komili-aycicek-yagi-4-l-pet-p-3eb718,Temel Gıda,Sıvı Yağ,Ayçicek Yağı,,,,,,,
Orkide Ayçiçek Yağı 4 L,,https://www.migros.com.tr/orkide-aycicek-yagi-4-l-p-3eb71c,Temel Gıda,Sıvı Yağ,Ayçicek Yağı,,,,,,,
Yudum Ayçiçek Yağı 4 L Pet,,https://www.migros.com.tr/yudum-aycicek-yagi-4-l-pet-p-3eb853,Temel Gıda,Sıvı Yağ,Ayçicek Yağı,,,,,,,
Yudum Ayçiçek Yağı 4 L,,https://www.migros.com.tr/yudum-aycicek-yagi-4-l-p-3eb848,Temel Gıda,Sıvı Yağ,Ayçicek Yağı,,,,,,,
Komili Ayçiçek Yağı 2 L,,https://www.migros.com.tr/komili-aycicek-yagi-2-l-p-3ebafa,Temel Gıda,Sıvı Yağ,Ayçicek Yağı,,,,,,,
Emek Ayçiçekyağı Yağı 5 L Köşeli Pet,,https://www.migros.com.tr/emek-aycicekyagi-yagi-5-l-koseli-pet-p-3eb6fe,Temel Gıda,Sıvı Yağ,Ayçicek Yağı,,,,,,,
Komili Ayçiçek Yağı 1 L,,https://www.migros.com.tr/komili-aycicek-yagi-1-l-p-3ebaf9,Temel Gıda,Sıvı Yağ,Ayçicek Yağı,,,,,,,
Komili Ayçiçek Yağı 5 L Pet,,https://www.migros.com.tr/komili-aycicek-yagi-5-l-pet-p-3eb6ee,Temel Gıda,Sıvı Yağ,Ayçicek Yağı,,,,,,,
Orkide Ayçiçek Yağı Pet 3 L,,https://www.migros.com.tr/orkide-aycicek-yagi-pet-3-l-p-3eb725,Temel Gıda,Sıvı Yağ,Ayçicek Yağı,,,,,,,
Migros Ayçiçek Yağı 5 L Köşeli Pet,,https://www.migros.com.tr/migros-aycicek-yagi-5-l-koseli-pet-p-3eb728,Temel Gıda,Sıvı Yağ,Ayçicek Yağı,,,,,,,
Kırlangıç Ayçiçek Yağı 2 L,,https://www.migros.com.tr/kirlangic-aycicek-yagi-2-l-p-3eb96e,Temel Gıda,Sıvı Yağ,Ayçicek Yağı,,,,,,,
Yudum Ayçiçek Yağı 3 Lt.,,https://www.migros.com.tr/yudum-aycicek-yagi-3-lt-p-3eb843,Temel Gıda,Sıvı Yağ,Ayçicek Yağı,,,,,,,
Yudum Ayçiçek Yağı 5 L Pet Şişe,,https://www.migros.com.tr/yudum-aycicek-yagi-5-l-pet-sise-p-3eb707,Temel Gıda,Sıvı Yağ,Ayçicek Yağı,,,,,,,
Kırlangıç Ayçiçek Yağı Pet 4 L,,https://www.migros.com.tr/kirlangic-aycicek-yagi-pet-4-l-p-3eb71b,Temel Gıda,Sıvı Yağ,Ayçicek Yağı,,,,,,,
Orkide Ayçiçek Yağı 2 L Pet Şişe,,https://www.migros.com.tr/orkide-aycicek-yagi-2-l-pet-sise-p-3ec27c,Temel Gıda,Sıvı Yağ,Ayçicek Yağı,,,,,,,
Migros Ayçiçek Yağı 2 L,,https://www.migros.com.tr/migros-aycicek-yagi-2-l-p-3eb727,Temel Gıda,Sıvı Yağ,Ayçicek Yağı,,,,,,,
Turna Ayçiçek Yağı Pet 2 L,,https://www.migros.com.tr/turna-aycicek-yagi-pet-2-l-p-3eb743,Temel Gıda,Sıvı Yağ,Ayçicek Yağı,,,,,,,
Yudum Zerdeçallı Ayçiçek Yağı 1 L,,https://www.migros.com.tr/yudum-zerdecalli-aycicek-yagi-1-l-p-3eb72d,Temel Gıda,Sıvı Yağ,Ayçicek Yağı,,,,,,,
Emek Ayçiçekyağı 2 L,,https://www.migros.com.tr/emek-aycicekyagi-2-l-p-3eba36,Temel Gıda,Sıvı Yağ,Ayçicek Yağı,,,,,,,
Migros Ayçiçek Yağı 1 L,,https://www.migros.com.tr/migros-aycicek-yagi-1-l-p-3eb726,Temel Gıda,Sıvı Yağ,Ayçicek Yağı,,,,,,,
Turna Ayçiçek Yağı Pet 4 L,,https://www.migros.com.tr/turna-aycicek-yagi-pet-4-l-p-3eb724,Temel Gıda,Sıvı Yağ,Ayçicek Yağı,,,,,,,
Abalı Ayçiçek Yağı 5L,,https://www.migros.com.tr/abali-aycicek-yagi-5l-p-3eb72b,Temel Gıda,Sıvı Yağ,Ayçicek Yağı,,,,,,,
Abalı Ayçiçek Yağı 2L,,https://www.migros.com.tr/abali-aycicek-yagi-2l-p-3eb72a,Temel Gıda,Sıvı Yağ,Ayçicek Yağı,,,,,,,
Abalı Ayçiçek Yağı 1 L,,https://www.migros.com.tr/abali-aycicek-yagi-1-l-p-3eb729,Temel Gıda,Sıvı Yağ,Ayçicek Yağı,,,,,,,
Emek Ayçiçek Yağı 4 L Pet,,https://www.migros.com.tr/emek-aycicek-yagi-4-l-pet-p-3eb719,Temel Gıda,Sıvı Yağ,Ayçicek Yağı,,,,,,,
Oba Ayçiçek Yağı 5 L Pet,,https://www.migros.com.tr/oba-aycicek-yagi-5-l-pet-p-3eb792,Temel Gıda,Sıvı Yağ,Ayçicek Yağı,,,,,,,
Yudum Ayçiçek Yağı 1 L,,https://www.migros.com.tr/yudum-aycicek-yagi-1-l-p-3eb841,Temel Gıda,Sıvı Yağ,Ayçicek Yağı,,,,,,,
Migros Ayçiçek Yağı 2 L,,https://www.migros.com.tr/migros-aycicek-yagi-2-l-p-3ebaeb,Temel Gıda,Sıvı Yağ,Ayçicek Yağı,,,,,,,
Migros Ayçiçek Yağı 1 L,,https://www.migros.com.tr/migros-aycicek-yagi-1-l-p-3ebaea,Temel Gıda,Sıvı Yağ,Ayçicek Yağı,,,,,,,
Yudum Ayçiçek Yağı 2 L,,https://www.migros.com.tr/yudum-aycicek-yagi-2-l-p-3eb842,Temel Gıda,Sıvı Yağ,Ayçicek Yağı,,,,,,,
Komili Ayçiçek Yağı 4 L Pet,,https://www.migros.com.tr/komili-aycicek-yagi-4-l-pet-p-3eb718,Temel Gıda,Sıvı Yağ,Ayçicek Yağı,,,,,,,
Orkide Ayçiçek Yağı 4 L,,https://www.migros.com.tr/orkide-aycicek-yagi-4-l-p-3eb71c,Temel Gıda,Sıvı Yağ,Ayçicek Yağı,,,,,,,
Yudum Ayçiçek Yağı 4 L Pet,,https://www.migros.com.tr/yudum-aycicek-yagi-4-l-pet-p-3eb853,Temel Gıda,Sıvı Yağ,Ayçicek Yağı,,,,,,,
Yudum Ayçiçek Yağı 4 L,,https://www.migros.com.tr/yudum-aycicek-yagi-4-l-p-3eb848,Temel Gıda,Sıvı Yağ,Ayçicek Yağı,,,,,,,
Komili Ayçiçek Yağı 2 L,,https://www.migros.com.tr/komili-aycicek-yagi-2-l-p-3ebafa,Temel Gıda,Sıvı Yağ,Ayçicek Yağı,,,,,,,
Emek Ayçiçekyağı Yağı 5 L Köşeli Pet,,https://www.migros.com.tr/emek-aycicekyagi-yagi-5-l-koseli-pet-p-3eb6fe,Temel Gıda,Sıvı Yağ,Ayçicek Yağı,,,,,,,
Komili Ayçiçek Yağı 1 L,,https://www.migros.com.tr/komili-aycicek-yagi-1-l-p-3ebaf9,Temel Gıda,Sıvı Yağ,Ayçicek Yağı,,,,,,,
Komili Ayçiçek Yağı 5 L Pet,,https://www.migros.com.tr/komili-aycicek-yagi-5-l-pet-p-3eb6ee,Temel Gıda,Sıvı Yağ,Ayçicek Yağı,,,,,,,
Orkide Ayçiçek Yağı Pet 3 L,,https://www.migros.com.tr/orkide-aycicek-yagi-pet-3-l-p-3eb725,Temel Gıda,Sıvı Yağ,Ayçicek Yağı,,,,,,,
Migros Ayçiçek Yağı 5 L Köşeli Pet,,https://www.migros.com.tr/migros-aycicek-yagi-5-l-koseli-pet-p-3eb728,Temel Gıda,Sıvı Yağ,Ayçicek Yağı,,,,,,,
Kırlangıç Ayçiçek Yağı 2 L,,https://www.migros.com.tr/kirlangic-aycicek-yagi-2-l-p-3eb96e,Temel Gıda,Sıvı Yağ,Ayçicek Yağı,,,,,,,
Yudum Ayçiçek Yağı 3 Lt.,,https://www.migros.com.tr/yudum-aycicek-yagi-3-lt-p-3eb843,Temel Gıda,Sıvı Yağ,Ayçicek Yağı,,,,,,,
Yudum Ayçiçek Yağı 5 L Pet Şişe,,https://www.migros.com.tr/yudum-aycicek-yagi-5-l-pet-sise-p-3eb707,Temel Gıda,Sıvı Yağ,Ayçicek Yağı,,,,,,,
Kırlangıç Ayçiçek Yağı Pet 4 L,,https://www.migros.com.tr/kirlangic-aycicek-yagi-pet-4-l-p-3eb71b,Temel Gıda,Sıvı Yağ,Ayçicek Yağı,,,,,,,
Orkide Ayçiçek Yağı 2 L Pet Şişe,,https://www.migros.com.tr/orkide-aycicek-yagi-2-l-pet-sise-p-3ec27c,Temel Gıda,Sıvı Yağ,Ayçicek Yağı,,,,,,,
Migros Ayçiçek Yağı 2 L,,https://www.migros.com.tr/migros-aycicek-yagi-2-l-p-3eb727,Temel Gıda,Sıvı Yağ,Ayçicek Yağı,,,,,,,
Turna Ayçiçek Yağı Pet 2 L,,https://www.migros.com.tr/turna-aycicek-yagi-pet-2-l-p-3eb743,Temel Gıda,Sıvı Yağ,Ayçicek Yağı,,,,,,,
Yudum Zerdeçallı Ayçiçek Yağı 1 L,,https://www.migros.com.tr/yudum-zerdecalli-aycicek-yagi-1-l-p-3eb72d,Temel Gıda,Sıvı Yağ,Ayçicek Yağı,,,,,,,
Emek Ayçiçekyağı 2 L,,https://www.migros.com.tr/emek-aycicekyagi-2-l-p-3eba36,Temel Gıda,Sıvı Yağ,Ayçicek Yağı,,,,,,,
Migros Ayçiçek Yağı 1 L,,https://www.migros.com.tr/migros-aycicek-yagi-1-l-p-3eb726,Temel Gıda,Sıvı Yağ,Ayçicek Yağı,,,,,,,
Turna Ayçiçek Yağı Pet 4 L,,https://www.migros.com.tr/turna-aycicek-yagi-pet-4-l-p-3eb724,Temel Gıda,Sıvı Yağ,Ayçicek Yağı,,,,,,,
Abalı Ayçiçek Yağı 5L,,https://www.migros.com.tr/abali-aycicek-yagi-5l-p-3eb72b,Temel Gıda,Sıvı Yağ,Ayçicek Yağı,,,,,,,
Abalı Ayçiçek Yağı 2L,,https://www.migros.com.tr/abali-aycicek-yagi-2l-p-3eb72a,Temel Gıda,Sıvı Yağ,Ayçicek Yağı,,,,,,,
Abalı Ayçiçek Yağı 1 L,,https://www.migros.com.tr/abali-aycicek-yagi-1-l-p-3eb729,Temel Gıda,Sıvı Yağ,Ayçicek Yağı,,,,,,,
Emek Ayçiçek Yağı 4 L Pet,,https://www.migros.com.tr/emek-aycicek-yagi-4-l-pet-p-3eb719,Temel Gıda,Sıvı Yağ,Ayçicek Yağı,,,,,,,
Komili Naturel Sızma Zeytinyağı Yumuşak Lezzet 1 L,,https://www.migros.com.tr/komili-naturel-sizma-zeytinyagi-yumusak-lezzet-1-l-p-3f1231,Temel Gıda,Sıvı Yağ,Zeytinyağı,Sızma Zeytinyağı,,,,,,
Komili Naturel Sızma Zeytinyağı Meyvemsi Lezzet 2 L,,https://www.migros.com.tr/komili-naturel-sizma-zeytinyagi-meyvemsi-lezzet-2-l-p-3f121a,Temel Gıda,Sıvı Yağ,Zeytinyağı,Sızma Zeytinyağı,,,,,,
Tariş Güney Ege Sızma Zeytinyağı 2 L,,https://www.migros.com.tr/taris-guney-ege-sizma-zeytinyagi-2-l-p-3f142f,Temel Gıda,Sıvı Yağ,Zeytinyağı,Sızma Zeytinyağı,,,,,,
Tariş Naturel Sızma Zeytinyağı 2 L,,https://www.migros.com.tr/taris-naturel-sizma-zeytinyagi-2-l-p-3f054f,Temel Gıda,Sıvı Yağ,Zeytinyağı,Sızma Zeytinyağı,,,,,,
Yudum Egemden Sızma Zeytinyağı Yumuşak Lezzet 2 L,,https://www.migros.com.tr/yudum-egemden-sizma-zeytinyagi-yumusak-lezzet-2-l-p-3f04e1,Temel Gıda,Sıvı Yağ,Zeytinyağı,Sızma Zeytinyağı,,,,,,
Komili Naturel Sızma Zeytinyağı Yumuşak Lezzet 2 L,,https://www.migros.com.tr/komili-naturel-sizma-zeytinyagi-yumusak-lezzet-2-l-p-3f124a,Temel Gıda,Sıvı Yağ,Zeytinyağı,Sızma Zeytinyağı,,,,,,
Orkide Sızma Zeytin Yağı Yumuşak Lezzet 2 Lt Pet,,https://www.migros.com.tr/orkide-sizma-zeytin-yagi-yumusak-lezzet-2-lt-pet-p-3f0563,Temel Gıda,Sıvı Yağ,Zeytinyağı,Sızma Zeytinyağı,,,,,,
Komili Naturel Sızma Zeytinyağı Yumuşak Lezzet 500 Ml,,https://www.migros.com.tr/komili-naturel-sizma-zeytinyagi-yumusak-lezzet-500-ml-p-3f122c,Temel Gıda,Sıvı Yağ,Zeytinyağı,Sızma Zeytinyağı,,,,,,
Komili Banmalık Soğuk Sıkım Naturel Sızma Zeytinyağı 750Ml,,https://www.migros.com.tr/komili-banmalik-soguk-sikim-naturel-sizma-zeytinyagi-750ml-p-3f056b,Temel Gıda,Sıvı Yağ,Zeytinyağı,Sızma Zeytinyağı,,,,,,
Kristal Natürel Sızma Zeytinyağı Dolgun Güçlü 2 L Teneke,,https://www.migros.com.tr/kristal-naturel-sizma-zeytinyagi-dolgun-guclu-2-l-teneke-p-3f0546,Temel Gıda,Sıvı Yağ,Zeytinyağı,Sızma Zeytinyağı,,,,,,
Tariş Kuzey Ege Sızma Zeytinyağı 2 L,,https://www.migros.com.tr/taris-kuzey-ege-sizma-zeytinyagi-2-l-p-3f1418,Temel Gıda,Sıvı Yağ,Zeytinyağı,Sızma Zeytinyağı,,,,,,
Yudum Egemden Sızma Zeytinyağı Yoğun Lezzet 2 L,,https://www.migros.com.tr/yudum-egemden-sizma-zeytinyagi-yogun-lezzet-2-l-p-3f090e,Temel Gıda,Sıvı Yağ,Zeytinyağı,Sızma Zeytinyağı,,,,,,
Yudum Egemden Sızma Zeytinyağı Yumuşak Lezzet 1 L,,https://www.migros.com.tr/yudum-egemden-sizma-zeytinyagi-yumusak-lezzet-1-l-p-3f0509,Temel Gıda,Sıvı Yağ,Zeytinyağı,Sızma Zeytinyağı,,,,,,
Asiltane Erken Hasat Soğuk Sıkım Zeytinyağı 500 Ml,,https://www.migros.com.tr/asiltane-erken-hasat-soguk-sikim-zeytinyagi-500-ml-p-3f0528,Temel Gıda,Sıvı Yağ,Zeytinyağı,Sızma Zeytinyağı,,,,,,
Tariş Kuzey Ege Sızma Zeytinyağı 750 Ml,,https://www.migros.com.tr/taris-kuzey-ege-sizma-zeytinyagi-750-ml-p-3f1416,Temel Gıda,Sıvı Yağ,Zeytinyağı,Sızma Zeytinyağı,,,,,,
Tariş Güney Ege Naturel Sızma Zeytinyağı 750 Ml,,https://www.migros.com.tr/taris-guney-ege-naturel-sizma-zeytinyagi-750-ml-p-3f1605,Temel Gıda,Sıvı Yağ,Zeytinyağı,Sızma Zeytinyağı,,,,,,
Orkide Sızma Zeytinyağı Yoğun Lezzet 2 Lt,,https://www.migros.com.tr/orkide-sizma-zeytinyagi-yogun-lezzet-2-lt-p-3f0561,Temel Gıda,Sıvı Yağ,Zeytinyağı,Sızma Zeytinyağı,,,,,,
Orkide Sızma Zeytinyağı Yoğun Lezzet 1 L,,https://www.migros.com.tr/orkide-sizma-zeytinyagi-yogun-lezzet-1-l-p-3f0560,Temel Gıda,Sıvı Yağ,Zeytinyağı,Sızma Zeytinyağı,,,,,,
Nermin Hanım Erken Hasat Soğuk Sıkım Zeytinyağı 500ml,,https://www.migros.com.tr/nermin-hanim-erken-hasat-soguk-sikim-zeytinyagi-500ml-p-3f0529,Temel Gıda,Sıvı Yağ,Zeytinyağı,Sızma Zeytinyağı,,,,,,
Komili Banmalık Naturel Sızma Zeytinyağı Pet 1L,,https://www.migros.com.tr/komili-banmalik-naturel-sizma-zeytinyagi-pet-1l-p-3f0566,Temel Gıda,Sıvı Yağ,Zeytinyağı,Sızma Zeytinyağı,,,,,,
Ekiz Naturel Sızma Zeytinyağı 1 L,,https://www.migros.com.tr/ekiz-naturel-sizma-zeytinyagi-1-l-p-3f055e,Temel Gıda,Sıvı Yağ,Zeytinyağı,Sızma Zeytinyağı,,,,,,
Orkide Sızma Zeytinyağı Yumuşak Lezzet 1 Lt Pet,,https://www.migros.com.tr/orkide-sizma-zeytinyagi-yumusak-lezzet-1-lt-pet-p-3f0562,Temel Gıda,Sıvı Yağ,Zeytinyağı,Sızma Zeytinyağı,,,,,,
Komili Riviera Zeytinyağı 2 L,,https://www.migros.com.tr/komili-riviera-zeytinyagi-2-l-p-3f0a4a,Temel Gıda,Sıvı Yağ,Zeytinyağı,Riviera Zeytinyağı,,,,,,
Yudum Egemden Riviera Zeytinyağı 2 L,,https://www.migros.com.tr/yudum-egemden-riviera-zeytinyagi-2-l-p-3f0918,Temel Gıda,Sıvı Yağ,Zeytinyağı,Riviera Zeytinyağı,,,,,,
Komili Riviera Zeytinyağı 1 L,,https://www.migros.com.tr/komili-riviera-zeytinyagi-1-l-p-3f0a49,Temel Gıda,Sıvı Yağ,Zeytinyağı,Riviera Zeytinyağı,,,,,,
Tariş Riviera Zeytinyağı 2 L Teneke,,https://www.migros.com.tr/taris-riviera-zeytinyagi-2-l-teneke-p-3f0c48,Temel Gıda,Sıvı Yağ,Zeytinyağı,Riviera Zeytinyağı,,,,,,
Komili Riviera Zeytinyağı 500 Ml (Pet Şişe),,https://www.migros.com.tr/komili-riviera-zeytinyagi-500-ml-pet-sise-p-3f0a52,Temel Gıda,Sıvı Yağ,Zeytinyağı,Riviera Zeytinyağı,,,,,,
Orkide Riviera Zeytinyağı 2 L,,https://www.migros.com.tr/orkide-riviera-zeytinyagi-2-l-p-3f0565,Temel Gıda,Sıvı Yağ,Zeytinyağı,Riviera Zeytinyağı,,,,,,
Tariş Riviera Zeytinyağı 750 Ml ( Cam Şişe ),,https://www.migros.com.tr/taris-riviera-zeytinyagi-750-ml-cam-sise-p-3f0c46,Temel Gıda,Sıvı Yağ,Zeytinyağı,Riviera Zeytinyağı,,,,,,
Orkide Riviera Zeytinyağı 1 Lt,,https://www.migros.com.tr/orkide-riviera-zeytinyagi-1-lt-p-3f0564,Temel Gıda,Sıvı Yağ,Zeytinyağı,Riviera Zeytinyağı,,,,,,
Yudum Egemden Riviera Zeytinyağı 1 L,,https://www.migros.com.tr/yudum-egemden-riviera-zeytinyagi-1-l-p-3f090d,Temel Gıda,Sıvı Yağ,Zeytinyağı,Riviera Zeytinyağı,,,,,,
Ekiz Riviera Zeytinyağı 2 L,,https://www.migros.com.tr/ekiz-riviera-zeytinyagi-2-l-p-3f055d,Temel Gıda,Sıvı Yağ,Zeytinyağı,Riviera Zeytinyağı,,,,,,
Tariş Riviera Zeytinyağı 1 L Teneke,,https://www.migros.com.tr/taris-riviera-zeytinyagi-1-l-teneke-p-3f0c47,Temel Gıda,Sıvı Yağ,Zeytinyağı,Riviera Zeytinyağı,,,,,,
Kristal Riviera Zeytinyağı 2 L Teneke,,https://www.migros.com.tr/kristal-riviera-zeytinyagi-2-l-teneke-p-3f0b12,Temel Gıda,Sıvı Yağ,Zeytinyağı,Riviera Zeytinyağı,,,,,,
"Tariş Kuzey Ege Sızma Zeytinyağı 0,5 Asit 500 Ml",,https://www.migros.com.tr/taris-kuzey-ege-sizma-zeytinyagi-05-asit-500-ml-p-3f1452,Temel Gıda,Sıvı Yağ,Zeytinyağı,Özel Zeytinyağı,,,,,,
Komili Filtresiz Naturel Sızma Zeytinyağı 500 Ml,,https://www.migros.com.tr/komili-filtresiz-naturel-sizma-zeytinyagi-500-ml-p-3f0500,Temel Gıda,Sıvı Yağ,Zeytinyağı,Özel Zeytinyağı,,,,,,
Komili Erken Hasat Zeytinyağı 500 Ml,,https://www.migros.com.tr/komili-erken-hasat-zeytinyagi-500-ml-p-3f1236,Temel Gıda,Sıvı Yağ,Zeytinyağı,Özel Zeytinyağı,,,,,,
Komili Taş Baskı Zeytinyağı 500 Ml,,https://www.migros.com.tr/komili-tas-baski-zeytinyagi-500-ml-p-3f124f,Temel Gıda,Sıvı Yağ,Zeytinyağı,Özel Zeytinyağı,,,,,,
Komili Soğuk Sıkma Zeytinyağı 500 Ml,,https://www.migros.com.tr/komili-soguk-sikma-zeytinyagi-500-ml-p-3f124c,Temel Gıda,Sıvı Yağ,Zeytinyağı,Özel Zeytinyağı,,,,,,
Hüner Mısır Yağı Pet 5 L,,https://www.migros.com.tr/huner-misir-yagi-pet-5-l-p-3edde8,Temel Gıda,Sıvı Yağ,Mısırözü Yağı,,,,,,,
Hüner Mısır Yağı 2 L,,https://www.migros.com.tr/huner-misir-yagi-2-l-p-3edde7,Temel Gıda,Sıvı Yağ,Mısırözü Yağı,,,,,,,
Sırma Mısır Yağı 2 L,,https://www.migros.com.tr/sirma-misir-yagi-2-l-p-3edf52,Temel Gıda,Sıvı Yağ,Mısırözü Yağı,,,,,,,
Sırma Mısır Yağı 1 L,,https://www.migros.com.tr/sirma-misir-yagi-1-l-p-3edf51,Temel Gıda,Sıvı Yağ,Mısırözü Yağı,,,,,,,
Oneva Hindistan Cevizi Yağı 300 Ml,,https://www.migros.com.tr/oneva-hindistan-cevizi-yagi-300-ml-p-3f6689,Temel Gıda,Sıvı Yağ,Özel Sıvı Yağ,,,,,,,
Oneva Aspir Tohumu Yağı 250 Ml,,https://www.migros.com.tr/oneva-aspir-tohumu-yagi-250-ml-p-3f668b,Temel Gıda,Sıvı Yağ,Özel Sıvı Yağ,,,,,,,
Oneva Susam Yağı 250 Ml,,https://www.migros.com.tr/oneva-susam-yagi-250-ml-p-3f6687,Temel Gıda,Sıvı Yağ,Özel Sıvı Yağ,,,,,,,
Oneva Çörekotu Yağı 250 Ml,,https://www.migros.com.tr/oneva-corekotu-yagi-250-ml-p-3f668a,Temel Gıda,Sıvı Yağ,Özel Sıvı Yağ,,,,,,,
Avofarm Avokado Yağı 250 Ml,,https://www.migros.com.tr/avofarm-avokado-yagi-250-ml-p-3f81d8,Temel Gıda,Sıvı Yağ,Özel Sıvı Yağ,,,,,,,
"Olitalia Üzüm Çekirdeği Yağı 0,5 L",,https://www.migros.com.tr/olitalia-uzum-cekirdegi-yagi-05-l-p-3fa504,Temel Gıda,Sıvı Yağ,Özel Sıvı Yağ,,,,,,,
Oneva Keten Tohumu Yağı 250 Ml,,https://www.migros.com.tr/oneva-keten-tohumu-yagi-250-ml-p-3f6688,Temel Gıda,Sıvı Yağ,Özel Sıvı Yağ,,,,,,,
Yudum Ziyafet Ayçiçek Yağı 2 L Pet,,https://www.migros.com.tr/yudum-ziyafet-aycicek-yagi-2-l-pet-p-3f668e,Temel Gıda,Sıvı Yağ,Karışım Sıvı Yağ,,,,,,,
Fiskobirlik Fındık Yağı 1 L Teneke,,https://www.migros.com.tr/fiskobirlik-findik-yagi-1-l-teneke-p-3f81d4,Temel Gıda,Sıvı Yağ,Fındık Yağı,,,,,,,
Migros Baldo Pirinç 1000 G,,https://www.migros.com.tr/migros-baldo-pirinc-1000-g-p-f6deb,Temel Gıda,Bakliyat,Pirinç,Baldo Pirinçler,,,,,,
Migros Baldo Pirinç 2500 G,,https://www.migros.com.tr/migros-baldo-pirinc-2500-g-p-f6def,Temel Gıda,Bakliyat,Pirinç,Baldo Pirinçler,,,,,,
Yayla Baldo Pirinç 2 Kg Gönen Bölgesi Mahsulü,,https://www.migros.com.tr/yayla-baldo-pirinc-2-kg-gonen-bolgesi-mahsulu-p-f713e,Temel Gıda,Bakliyat,Pirinç,Baldo Pirinçler,,,,,,
Yayla Baldo Pirinç 1 Kg Gönen Bölgesi Mahsulü,,https://www.migros.com.tr/yayla-baldo-pirinc-1-kg-gonen-bolgesi-mahsulu-p-f7441,Temel Gıda,Bakliyat,Pirinç,Baldo Pirinçler,,,,,,
Reis Gönen Baldo Pirinç 1 Kg,,https://www.migros.com.tr/reis-gonen-baldo-pirinc-1-kg-p-f7148,Temel Gıda,Bakliyat,Pirinç,Baldo Pirinçler,,,,,,
"Reis Gönen Baldo 2,5 Kg",,https://www.migros.com.tr/reis-gonen-baldo-25-kg-p-f69b5,Temel Gıda,Bakliyat,Pirinç,Baldo Pirinçler,,,,,,
Tat Baldo Pirinç 1 Kg,,https://www.migros.com.tr/tat-baldo-pirinc-1-kg-p-f6a00,Temel Gıda,Bakliyat,Pirinç,Baldo Pirinçler,,,,,,
Tat Baldo Pirinç 2 Kg,,https://www.migros.com.tr/tat-baldo-pirinc-2-kg-p-f6a01,Temel Gıda,Bakliyat,Pirinç,Baldo Pirinçler,,,,,,
Migros Pilavlık Yerli Pirinç 2500 G,,https://www.migros.com.tr/migros-pilavlik-yerli-pirinc-2500-g-p-f7604,Temel Gıda,Bakliyat,Pirinç,Pilavlık Pirinçler,,,,,,
Migros Pilavlık İthal Pirinç 2500 G,,https://www.migros.com.tr/migros-pilavlik-ithal-pirinc-2500-g-p-f6ded,Temel Gıda,Bakliyat,Pirinç,Pilavlık Pirinçler,,,,,,
Migros Pilavlık İthal Pirinç 1000 G,,https://www.migros.com.tr/migros-pilavlik-ithal-pirinc-1000-g-p-f6dea,Temel Gıda,Bakliyat,Pirinç,Pilavlık Pirinçler,,,,,,
Yayla Tane Tane Pirinç 2 Kg,,https://www.migros.com.tr/yayla-tane-tane-pirinc-2-kg-p-f69ea,Temel Gıda,Bakliyat,Pirinç,Pilavlık Pirinçler,,,,,,
Tat Pilavlık Yerli Pirinç 2 Kg,,https://www.migros.com.tr/tat-pilavlik-yerli-pirinc-2-kg-p-f6a04,Temel Gıda,Bakliyat,Pirinç,Pilavlık Pirinçler,,,,,,
Tat Pilavlık Yerli Pirinç 1 Kg,,https://www.migros.com.tr/tat-pilavlik-yerli-pirinc-1-kg-p-f6a24,Temel Gıda,Bakliyat,Pirinç,Pilavlık Pirinçler,,,,,,
Yayla Tane Tane Pirinç 1 Kg,,https://www.migros.com.tr/yayla-tane-tane-pirinc-1-kg-p-f69eb,Temel Gıda,Bakliyat,Pirinç,Pilavlık Pirinçler,,,,,,
Yayla Yerli Pirinç 2 Kg Osmancık Bölgesi Mahsulü,,https://www.migros.com.tr/yayla-yerli-pirinc-2-kg-osmancik-bolgesi-mahsulu-p-f69a4,Temel Gıda,Bakliyat,Pirinç,Osmancık Pirinç,,,,,,
Migros Osmancık Pirinç 1000 G,,https://www.migros.com.tr/migros-osmancik-pirinc-1000-g-p-f6dec,Temel Gıda,Bakliyat,Pirinç,Osmancık Pirinç,,,,,,
Migros Osmancık Pirinç 2500 G,,https://www.migros.com.tr/migros-osmancik-pirinc-2500-g-p-f6dee,Temel Gıda,Bakliyat,Pirinç,Osmancık Pirinç,,,,,,
Yayla Osmancık Bölgesi Mahsulü Yerli Pirinç 1 Kg,,https://www.migros.com.tr/yayla-osmancik-bolgesi-mahsulu-yerli-pirinc-1-kg-p-f69ab,Temel Gıda,Bakliyat,Pirinç,Osmancık Pirinç,,,,,,
Hasata Osmancık Pirinç 1 Kg,,https://www.migros.com.tr/hasata-osmancik-pirinc-1-kg-p-f70c3,Temel Gıda,Bakliyat,Pirinç,Osmancık Pirinç,,,,,,
Tat Osmancık Pirinç 1 Kg,,https://www.migros.com.tr/tat-osmancik-pirinc-1-kg-p-f6a02,Temel Gıda,Bakliyat,Pirinç,Osmancık Pirinç,,,,,,
Hasata Osmancık Pirinç 2 Kg,,https://www.migros.com.tr/hasata-osmancik-pirinc-2-kg-p-f70c4,Temel Gıda,Bakliyat,Pirinç,Osmancık Pirinç,,,,,,
Tat Osmancık Pirinç 2 Kg,,https://www.migros.com.tr/tat-osmancik-pirinc-2-kg-p-f6a03,Temel Gıda,Bakliyat,Pirinç,Osmancık Pirinç,,,,,,
Migros Jasmine Pirinç 1000 G,,https://www.migros.com.tr/migros-jasmine-pirinc-1000-g-p-f69a8,Temel Gıda,Bakliyat,Pirinç,İthal Pirinçler,,,,,,
M Life Basmati Pirinç 500 G,,https://www.migros.com.tr/m-life-basmati-pirinc-500-g-p-f6a20,Temel Gıda,Bakliyat,Pirinç,İthal Pirinçler,,,,,,
Yayla Gurme Basmati Pirinç 500 G,,https://www.migros.com.tr/yayla-gurme-basmati-pirinc-500-g-p-f6f9c,Temel Gıda,Bakliyat,Pirinç,İthal Pirinçler,,,,,,
Tat İthal Pilavlık Pirinç 2 Kg,,https://www.migros.com.tr/tat-ithal-pilavlik-pirinc-2-kg-p-f711e,Temel Gıda,Bakliyat,Pirinç,İthal Pirinçler,,,,,,
Yayla Gurme Siyah Pirinç 500 G,,https://www.migros.com.tr/yayla-gurme-siyah-pirinc-500-g-p-f70dd,Temel Gıda,Bakliyat,Pirinç,İthal Pirinçler,,,,,,
Yayla Gurme Jasmine Pirinç 500 G,,https://www.migros.com.tr/yayla-gurme-jasmine-pirinc-500-g-p-f6f9b,Temel Gıda,Bakliyat,Pirinç,İthal Pirinçler,,,,,,
Yayla Uzun Tane Pirinç 2 Kg,,https://www.migros.com.tr/yayla-uzun-tane-pirinc-2-kg-p-f69de,Temel Gıda,Bakliyat,Pirinç,İthal Pirinçler,,,,,,
Tat Basmati Pirinç 1 Kg,,https://www.migros.com.tr/tat-basmati-pirinc-1-kg-p-f6a22,Temel Gıda,Bakliyat,Pirinç,İthal Pirinçler,,,,,,
Yayla Gurme Risotto Pirinç 500 G,,https://www.migros.com.tr/yayla-gurme-risotto-pirinc-500-g-p-f70de,Temel Gıda,Bakliyat,Pirinç,İthal Pirinçler,,,,,,
Tat Pilavlık İthal Pirinç 1 Kg,,https://www.migros.com.tr/tat-pilavlik-ithal-pirinc-1-kg-p-f6a25,Temel Gıda,Bakliyat,Pirinç,İthal Pirinçler,,,,,,
Migros İthal Pilavlık Pirinç 5Kg,,https://www.migros.com.tr/migros-ithal-pilavlik-pirinc-5kg-p-f6a07,Temel Gıda,Bakliyat,Pirinç,İthal Pirinçler,,,,,,
Tat Yasemin Pirinç 1 Kg,,https://www.migros.com.tr/tat-yasemin-pirinc-1-kg-p-f6a23,Temel Gıda,Bakliyat,Pirinç,İthal Pirinçler,,,,,,
Migros Kırık Pirinç 1000 G,,https://www.migros.com.tr/migros-kirik-pirinc-1000-g-p-f7716,Temel Gıda,Bakliyat,Pirinç,Kırık Pirinçler,,,,,,
Yayla Kırık Pirinç 1 Kg,,https://www.migros.com.tr/yayla-kirik-pirinc-1-kg-p-f6f9a,Temel Gıda,Bakliyat,Pirinç,Kırık Pirinçler,,,,,,
Migros Kepekli Pirinç 1000 G,,https://www.migros.com.tr/migros-kepekli-pirinc-1000-g-p-f6da0,Temel Gıda,Bakliyat,Pirinç,Kepekli Pirinçler,,,,,,
Migros Kırmızı Mercimek 1000 G,,https://www.migros.com.tr/migros-kirmizi-mercimek-1000-g-p-1053a2,Temel Gıda,Bakliyat,Mercimek,Kırmızı Mercimek,,,,,,
Migros Kırmızı Mercimek 2500 G,,https://www.migros.com.tr/migros-kirmizi-mercimek-2500-g-p-1053a8,Temel Gıda,Bakliyat,Mercimek,Kırmızı Mercimek,,,,,,
Yayla Kırmızı Mercimek 2 Kg,,https://www.migros.com.tr/yayla-kirmizi-mercimek-2-kg-p-10539a,Temel Gıda,Bakliyat,Mercimek,Kırmızı Mercimek,,,,,,
Anadolu Lezzetleri Kızıltepe Kırmızı Mercimek 500 G,,https://www.migros.com.tr/anadolu-lezzetleri-kiziltepe-kirmizi-mercimek-500-g-p-1035d4,Temel Gıda,Bakliyat,Mercimek,Kırmızı Mercimek,,,,,,
Tat Kırmızı Mercımek 2 Kg,,https://www.migros.com.tr/tat-kirmizi-mercimek-2-kg-p-102cab,Temel Gıda,Bakliyat,Mercimek,Kırmızı Mercimek,,,,,,
Tat Kırmızı Mercimek 1 Kg,,https://www.migros.com.tr/tat-kirmizi-mercimek-1-kg-p-102ca9,Temel Gıda,Bakliyat,Mercimek,Kırmızı Mercimek,,,,,,
Migros Kırmızı Mercimek 5Kg,,https://www.migros.com.tr/migros-kirmizi-mercimek-5kg-p-102caa,Temel Gıda,Bakliyat,Mercimek,Kırmızı Mercimek,,,,,,
Migros Yeşil Mercimek 1000 G,,https://www.migros.com.tr/migros-yesil-mercimek-1000-g-p-102c78,Temel Gıda,Bakliyat,Mercimek,Yeşil Mercimek,,,,,,
Yayla Yeşil Mercimek 1 Kg,,https://www.migros.com.tr/yayla-yesil-mercimek-1-kg-p-100c99,Temel Gıda,Bakliyat,Mercimek,Yeşil Mercimek,,,,,,
Hasata Yozgat Sultani Yeşil Mercimek 1 Kg,,https://www.migros.com.tr/hasata-yozgat-sultani-yesil-mercimek-1-kg-p-102c8c,Temel Gıda,Bakliyat,Mercimek,Yeşil Mercimek,,,,,,
Tat Yeşil Mercimek 1 Kg,,https://www.migros.com.tr/tat-yesil-mercimek-1-kg-p-100592,Temel Gıda,Bakliyat,Mercimek,Yeşil Mercimek,,,,,,
Anadolu Lezzetleri Yozgat Sultani Yeşil Mercimek 500 G,,https://www.migros.com.tr/anadolu-lezzetleri-yozgat-sultani-yesil-mercimek-500-g-p-102c85,Temel Gıda,Bakliyat,Mercimek,Yeşil Mercimek,,,,,,
Yayla Sarı Mercimek 1 Kg,,https://www.migros.com.tr/yayla-sari-mercimek-1-kg-p-102c75,Temel Gıda,Bakliyat,Mercimek,Sarı Mercimek,,,,,,
Anadolu Lezzetleri Uşak Sarı Mercimek 500 G,,https://www.migros.com.tr/anadolu-lezzetleri-usak-sari-mercimek-500-g-p-1035da,Temel Gıda,Bakliyat,Mercimek,Sarı Mercimek,,,,,,
Tat Sarı Mercimek 1 Kg,,https://www.migros.com.tr/tat-sari-mercimek-1-kg-p-100593,Temel Gıda,Bakliyat,Mercimek,Sarı Mercimek,,,,,,
Migros Pilavlık Bulgur 1000 G,,https://www.migros.com.tr/migros-pilavlik-bulgur-1000-g-p-106795,Temel Gıda,Bakliyat,Bulgur,Pilavlık Bulgur,,,,,,
Migros Pilavlık Bulgur 2500 G,,https://www.migros.com.tr/migros-pilavlik-bulgur-2500-g-p-1067a6,Temel Gıda,Bakliyat,Bulgur,Pilavlık Bulgur,,,,,,
Duru Pilavlık Bulgur 1 Kg,,https://www.migros.com.tr/duru-pilavlik-bulgur-1-kg-p-106755,Temel Gıda,Bakliyat,Bulgur,Pilavlık Bulgur,,,,,,
Migros İri Pilavlık Bulgur 1000 G,,https://www.migros.com.tr/migros-iri-pilavlik-bulgur-1000-g-p-1067a4,Temel Gıda,Bakliyat,Bulgur,Pilavlık Bulgur,,,,,,
Duru Pilavlık Bulgur 2.5 Kg,,https://www.migros.com.tr/duru-pilavlik-bulgur-25-kg-p-1067a2,Temel Gıda,Bakliyat,Bulgur,Pilavlık Bulgur,,,,,,
Yayla İri Pilavlık Bulgur 1 Kg,,https://www.migros.com.tr/yayla-iri-pilavlik-bulgur-1-kg-p-1067b2,Temel Gıda,Bakliyat,Bulgur,Pilavlık Bulgur,,,,,,
Yayla Pilavlık Bulgur 1 Kg,,https://www.migros.com.tr/yayla-pilavlik-bulgur-1-kg-p-1057a6,Temel Gıda,Bakliyat,Bulgur,Pilavlık Bulgur,,,,,,
Hasata Pilavlık Antep Bulguru 1 Kg,,https://www.migros.com.tr/hasata-pilavlik-antep-bulguru-1-kg-p-1067db,Temel Gıda,Bakliyat,Bulgur,Pilavlık Bulgur,,,,,,
Yayla Tam Tane Pilavlık Bulgur 1 Kg,,https://www.migros.com.tr/yayla-tam-tane-pilavlik-bulgur-1-kg-p-1053bd,Temel Gıda,Bakliyat,Bulgur,Pilavlık Bulgur,,,,,,
Tat Pilavlık Bulgur 1 Kg,,https://www.migros.com.tr/tat-pilavlik-bulgur-1-kg-p-1053d1,Temel Gıda,Bakliyat,Bulgur,Pilavlık Bulgur,,,,,,
İpek İri Pilavlık Bulgur 1 Kg,,https://www.migros.com.tr/ipek-iri-pilavlik-bulgur-1-kg-p-1067b9,Temel Gıda,Bakliyat,Bulgur,Pilavlık Bulgur,,,,,,
İpek Pilavlık Bulgur 1 Kg,,https://www.migros.com.tr/ipek-pilavlik-bulgur-1-kg-p-1067ba,Temel Gıda,Bakliyat,Bulgur,Pilavlık Bulgur,,,,,,
Duru Esmer Pilavlık Bulgur 1 Kg,,https://www.migros.com.tr/duru-esmer-pilavlik-bulgur-1-kg-p-10677a,Temel Gıda,Bakliyat,Bulgur,Pilavlık Bulgur,,,,,,
Doğalsan Siyez Bulguru 500 G,,https://www.migros.com.tr/dogalsan-siyez-bulguru-500-g-p-1067b6,Temel Gıda,Bakliyat,Bulgur,Pilavlık Bulgur,,,,,,
Anadolu Lezzetleri Amik Ovası Karakılçık Pilavlık Bulgur 500 G,,https://www.migros.com.tr/anadolu-lezzetleri-amik-ovasi-karakilcik-pilavlik-bulgur-500-g-p-105876,Temel Gıda,Bakliyat,Bulgur,Pilavlık Bulgur,,,,,,
Yayla Gurme Siyez Bulgur 500 G,,https://www.migros.com.tr/yayla-gurme-siyez-bulgur-500-g-p-1053be,Temel Gıda,Bakliyat,Bulgur,Pilavlık Bulgur,,,,,,
Anadolu Lezzetleri Amik Ovası Firik 500 G,,https://www.migros.com.tr/anadolu-lezzetleri-amik-ovasi-firik-500-g-p-1067a3,Temel Gıda,Bakliyat,Bulgur,Pilavlık Bulgur,,,,,,
Migros Firik Bulgur 750 G,,https://www.migros.com.tr/migros-firik-bulgur-750-g-p-1067a5,Temel Gıda,Bakliyat,Bulgur,Pilavlık Bulgur,,,,,,
Filiz Mardin Pilavlık Bulgur 800 Gr,,https://www.migros.com.tr/filiz-mardin-pilavlik-bulgur-800-gr-p-1053cc,Temel Gıda,Bakliyat,Bulgur,Pilavlık Bulgur,,,,,,
Tat Pilavlık Bulgur 2 Kg,,https://www.migros.com.tr/tat-pilavlik-bulgur-2-kg-p-1053c9,Temel Gıda,Bakliyat,Bulgur,Pilavlık Bulgur,,,,,,
Tat Tane Bulgur 1 Kg,,https://www.migros.com.tr/tat-tane-bulgur-1-kg-p-1053c7,Temel Gıda,Bakliyat,Bulgur,Pilavlık Bulgur,,,,,,
Hasata Pilavlık Horasan Bulguru 1 Kg,,https://www.migros.com.tr/hasata-pilavlik-horasan-bulguru-1-kg-p-1067da,Temel Gıda,Bakliyat,Bulgur,Pilavlık Bulgur,,,,,,
Tat Midyat Bulgur 1 Kg,,https://www.migros.com.tr/tat-midyat-bulgur-1-kg-p-1053ca,Temel Gıda,Bakliyat,Bulgur,Pilavlık Bulgur,,,,,,
Yayla Gurme Firik Bulgur 500 G,,https://www.migros.com.tr/yayla-gurme-firik-bulgur-500-g-p-1067b0,Temel Gıda,Bakliyat,Bulgur,Pilavlık Bulgur,,,,,,
Migros Köftelik Bulgur 1000 G,,https://www.migros.com.tr/migros-koftelik-bulgur-1000-g-p-10a19d,Temel Gıda,Bakliyat,Bulgur,Köftelik Bulgur,,,,,,
Duru Köftelik İnce Bulgur (Çiğköftelik) 1 Kg,,https://www.migros.com.tr/duru-koftelik-ince-bulgur-cigkoftelik-1-kg-p-10a19f,Temel Gıda,Bakliyat,Bulgur,Köftelik Bulgur,,,,,,
Duru Köftelik Bulgur 1000 G,,https://www.migros.com.tr/duru-koftelik-bulgur-1000-g-p-10a182,Temel Gıda,Bakliyat,Bulgur,Köftelik Bulgur,,,,,,
Duru Esmer Çiğköftelik Bulgur 1 Kg,,https://www.migros.com.tr/duru-esmer-cigkoftelik-bulgur-1-kg-p-10a194,Temel Gıda,Bakliyat,Bulgur,Köftelik Bulgur,,,,,,
Yayla Köftelik Bulgur 1 Kg,,https://www.migros.com.tr/yayla-koftelik-bulgur-1-kg-p-107eb5,Temel Gıda,Bakliyat,Bulgur,Köftelik Bulgur,,,,,,
Yayla Çig Köftelik Bulgur 1 Kg,,https://www.migros.com.tr/yayla-cig-koftelik-bulgur-1-kg-p-10829b,Temel Gıda,Bakliyat,Bulgur,Köftelik Bulgur,,,,,,
İpek Köftelik Bulgur 1 Kg,,https://www.migros.com.tr/ipek-koftelik-bulgur-1-kg-p-1067bc,Temel Gıda,Bakliyat,Bulgur,Köftelik Bulgur,,,,,,
Duru Kepekli Köftelik Bulgur 1 Kg,,https://www.migros.com.tr/duru-kepekli-koftelik-bulgur-1-kg-p-10a193,Temel Gıda,Bakliyat,Bulgur,Köftelik Bulgur,,,,,,
Hasata Köftelik Antep Bulguru 1 Kg,,https://www.migros.com.tr/hasata-koftelik-antep-bulguru-1-kg-p-10a1b7,Temel Gıda,Bakliyat,Bulgur,Köftelik Bulgur,,,,,,
Anadolu Lezzetleri Karakılçık Köftelik Bulgur 500 G,,https://www.migros.com.tr/anadolu-lezzetleri-karakilcik-koftelik-bulgur-500-g-p-108872,Temel Gıda,Bakliyat,Bulgur,Köftelik Bulgur,,,,,,
Tat Köftelik Bulgur 1 Kg,,https://www.migros.com.tr/tat-koftelik-bulgur-1-kg-p-107ac5,Temel Gıda,Bakliyat,Bulgur,Köftelik Bulgur,,,,,,
Reis Çiğköftelik Bulgur 1 Kg,,https://www.migros.com.tr/reis-cigkoftelik-bulgur-1-kg-p-10829a,Temel Gıda,Bakliyat,Bulgur,Köftelik Bulgur,,,,,,
Filiz Mardin Köftelik İnce Bulgur 800 G,,https://www.migros.com.tr/filiz-mardin-koftelik-ince-bulgur-800-g-p-107ac6,Temel Gıda,Bakliyat,Bulgur,Köftelik Bulgur,,,,,,
Hasata Köftelik Horasan Bulguru 1 Kg,,https://www.migros.com.tr/hasata-koftelik-horasan-bulguru-1-kg-p-10a1b6,Temel Gıda,Bakliyat,Bulgur,Köftelik Bulgur,,,,,,
Duru Başbaşı Bulgur 1 Kg,,https://www.migros.com.tr/duru-basbasi-bulgur-1-kg-p-106777,Temel Gıda,Bakliyat,Bulgur,Katkılı Bulgur,,,,,,
Duru Şehriyeli Pilavlık Bulgur 1 Kg,,https://www.migros.com.tr/duru-sehriyeli-pilavlik-bulgur-1-kg-p-10679a,Temel Gıda,Bakliyat,Bulgur,Katkılı Bulgur,,,,,,
Yayla Gurme Fit Nohutlu Bulgur 360 G,,https://www.migros.com.tr/yayla-gurme-fit-nohutlu-bulgur-360-g-p-1067c8,Temel Gıda,Bakliyat,Bulgur,Katkılı Bulgur,,,,,,
Yayla Gurme Fit Domatesli Bulgur 360 G,,https://www.migros.com.tr/yayla-gurme-fit-domatesli-bulgur-360-g-p-1067b5,Temel Gıda,Bakliyat,Bulgur,Katkılı Bulgur,,,,,,
Tat Şehriyeli Pilavlık Bulgur 1 Kg,,https://www.migros.com.tr/tat-sehriyeli-pilavlik-bulgur-1-kg-p-1053cb,Temel Gıda,Bakliyat,Bulgur,Katkılı Bulgur,,,,,,
Yayla Şehriyeli Pilavlık Bulgur 1 Kg,,https://www.migros.com.tr/yayla-sehriyeli-pilavlik-bulgur-1-kg-p-f69aa,Temel Gıda,Bakliyat,Bulgur,Katkılı Bulgur,,,,,,
Duru Dual Nohutlu Bulgur 250 G,,https://www.migros.com.tr/duru-dual-nohutlu-bulgur-250-g-p-106798,Temel Gıda,Bakliyat,Bulgur,Katkılı Bulgur,,,,,,
Yayla Gurme Fit Yeşil Mercimek Domates Bulgur 360 G,,https://www.migros.com.tr/yayla-gurme-fit-yesil-mercimek-domates-bulgur-360-g-p-1067c9,Temel Gıda,Bakliyat,Bulgur,Katkılı Bulgur,,,,,,
Migros Dermason Kuru Fasulye 1000 G,,https://www.migros.com.tr/migros-dermason-kuru-fasulye-1000-g-p-f9061,Temel Gıda,Bakliyat,Fasulye,,,,,,,
Yayla Dermason Fasulye 1 Kg,,https://www.migros.com.tr/yayla-dermason-fasulye-1-kg-p-f995d,Temel Gıda,Bakliyat,Fasulye,,,,,,,
Migros İri Dermason Fasulye 1000 G,,https://www.migros.com.tr/migros-iri-dermason-fasulye-1000-g-p-f906f,Temel Gıda,Bakliyat,Fasulye,,,,,,,
M Life Maş Fasulyesi 500 G,,https://www.migros.com.tr/m-life-mas-fasulyesi-500-g-p-f9079,Temel Gıda,Bakliyat,Fasulye,,,,,,,
Yayla Gurme Maş Fasulye 500 G,,https://www.migros.com.tr/yayla-gurme-mas-fasulye-500-g-p-f97f0,Temel Gıda,Bakliyat,Fasulye,,,,,,,
Anadolu Lezzetlerı İspir Kuru Fasulye 750 G,,https://www.migros.com.tr/anadolu-lezzetleri-ispir-kuru-fasulye-750-g-p-f9896,Temel Gıda,Bakliyat,Fasulye,,,,,,,
Reis Kuru Fasulye 1 Kg,,https://www.migros.com.tr/reis-kuru-fasulye-1-kg-p-f9464,Temel Gıda,Bakliyat,Fasulye,,,,,,,
Hasata Derinkuyu Kuru Fasulyesi 1 Kg,,https://www.migros.com.tr/hasata-derinkuyu-kuru-fasulyesi-1-kg-p-f9826,Temel Gıda,Bakliyat,Fasulye,,,,,,,
Tat Horoz Fasulye 1 Kg,,https://www.migros.com.tr/tat-horoz-fasulye-1-kg-p-f9082,Temel Gıda,Bakliyat,Fasulye,,,,,,,
Tat Dermason Fasulye 1 Kg,,https://www.migros.com.tr/tat-dermason-fasulye-1-kg-p-f9081,Temel Gıda,Bakliyat,Fasulye,,,,,,,
Migros Nohut 1000 G,,https://www.migros.com.tr/migros-nohut-1000-g-p-100579,Temel Gıda,Bakliyat,Nohut,,,,,,,
Yayla Koçbaşı Nohut (İri Boy) 1 Kg,,https://www.migros.com.tr/yayla-kocbasi-nohut-iri-boy-1-kg-p-100547,Temel Gıda,Bakliyat,Nohut,,,,,,,
Yayla Nohut 2 Kg,,https://www.migros.com.tr/yayla-nohut-2-kg-p-100573,Temel Gıda,Bakliyat,Nohut,,,,,,,
Migros Patlayan Mısır 500 G,,https://www.migros.com.tr/migros-patlayan-misir-500-g-p-124f8c,Temel Gıda,Bakliyat,Mısır,,,,,,,
Yayla Patlayan Mısır 500 G,,https://www.migros.com.tr/yayla-patlayan-misir-500-g-p-124f8d,Temel Gıda,Bakliyat,Mısır,,,,,,,
Tat Patlayan Mısır 500 G,,https://www.migros.com.tr/tat-patlayan-misir-500-g-p-124f92,Temel Gıda,Bakliyat,Mısır,,,,,,,
Migros Aşurelik Buğday 1000 G,,https://www.migros.com.tr/migros-asurelik-bugday-1000-g-p-10c8a1,Temel Gıda,Bakliyat,Buğday,,,,,,,
Yayla Aşurelik Buğday 1 Kg,,https://www.migros.com.tr/yayla-asurelik-bugday-1-kg-p-f69a6,Temel Gıda,Bakliyat,Buğday,,,,,,,
Yayla Gurme Karabuğday 500 G,,https://www.migros.com.tr/yayla-gurme-karabugday-500-g-p-1067af,Temel Gıda,Bakliyat,Buğday,,,,,,,
Duru Karabuğday ( Greçka ) 1 Kg,,https://www.migros.com.tr/duru-karabugday-grecka-1-kg-p-10ced1,Temel Gıda,Bakliyat,Buğday,,,,,,,
Anadolu Lezzetleri Amik Ovası Karakılçık Buğdayı 500 G,,https://www.migros.com.tr/anadolu-lezzetleri-amik-ovasi-karakilcik-bugdayi-500-g-p-10bd34,Temel Gıda,Bakliyat,Buğday,,,,,,,
Tat Aşurelik Buğday 1 Kg,,https://www.migros.com.tr/tat-asurelik-bugday-1-kg-p-10a1d2,Temel Gıda,Bakliyat,Buğday,,,,,,,
Migros Barbunya Fasulye 1000 G,,https://www.migros.com.tr/migros-barbunya-fasulye-1000-g-p-fc47f,Temel Gıda,Bakliyat,Barbunya,,,,,,,
Hasata Niğde Kiraz Barbunya 1 Kg,,https://www.migros.com.tr/hasata-nigde-kiraz-barbunya-1-kg-p-fcd24,Temel Gıda,Bakliyat,Barbunya,,,,,,,
Reis Barbunya Fasulye 1Kg,,https://www.migros.com.tr/reis-barbunya-fasulye-1kg-p-2be41d5,Temel Gıda,Bakliyat,Barbunya,,,,,,,
Yayla Barbunya 1 Kg,,https://www.migros.com.tr/yayla-barbunya-1-kg-p-fbcf3,Temel Gıda,Bakliyat,Barbunya,,,,,,,
M Life Chia Tohumu 500 G,,https://www.migros.com.tr/m-life-chia-tohumu-500-g-p-f69be,Temel Gıda,Bakliyat,Süper Gıdalar,Chia,,,,,,
Yayla Gurme Chia Tohumu 500 G,,https://www.migros.com.tr/yayla-gurme-chia-tohumu-500-g-p-f70e4,Temel Gıda,Bakliyat,Süper Gıdalar,Chia,,,,,,
M Life Beyaz Kinoa 500 G,,https://www.migros.com.tr/m-life-beyaz-kinoa-500-g-p-f69bd,Temel Gıda,Bakliyat,Süper Gıdalar,Kinoa,,,,,,
Yayla Gurme Beyaz Kinoa 500 G,,https://www.migros.com.tr/yayla-gurme-beyaz-kinoa-500-g-p-f70db,Temel Gıda,Bakliyat,Süper Gıdalar,Kinoa,,,,,,
Yayla Gurme Teff 500 G,,https://www.migros.com.tr/yayla-gurme-teff-500-g-p-118c9d,Temel Gıda,Bakliyat,Süper Gıdalar,Teff,,,,,,
Yayla Börülce 1 Kg,,https://www.migros.com.tr/yayla-borulce-1-kg-p-f69a7,Temel Gıda,Bakliyat,Börülce,,,,,,,
Yayla Gurme İç Bakla 500 G,,https://www.migros.com.tr/yayla-gurme-ic-bakla-500-g-p-10ced2,Temel Gıda,Bakliyat,Bakla,,,,,,,
Irmak Toz Şeker 1 Kg,,https://www.migros.com.tr/irmak-toz-seker-1-kg-p-3285b8,Temel Gıda,Şeker,Toz Şeker,,,,,,,
Migros Toz Şeker 5 Kg,,https://www.migros.com.tr/migros-toz-seker-5-kg-p-3281b6,Temel Gıda,Şeker,Toz Şeker,,,,,,,
Irmak Toz Şeker 5 Kg,,https://www.migros.com.tr/irmak-toz-seker-5-kg-p-3285ba,Temel Gıda,Şeker,Toz Şeker,,,,,,,
Migros Toz Şeker 1 Kg,,https://www.migros.com.tr/migros-toz-seker-1-kg-p-3281b4,Temel Gıda,Şeker,Toz Şeker,,,,,,,
Bor Şeker Toz Şeker 2 Kg,,https://www.migros.com.tr/bor-seker-toz-seker-2-kg-p-3281b9,Temel Gıda,Şeker,Toz Şeker,,,,,,,
Irmak Kristal Toz Şeker 3 Kg,,https://www.migros.com.tr/irmak-kristal-toz-seker-3-kg-p-3285b9,Temel Gıda,Şeker,Toz Şeker,,,,,,,
Migros Toz Şeker 3 Kg,,https://www.migros.com.tr/migros-toz-seker-3-kg-p-3281b5,Temel Gıda,Şeker,Toz Şeker,,,,,,,
Bor Şeker Toz Şeker 1 Kg,,https://www.migros.com.tr/bor-seker-toz-seker-1-kg-p-3281b8,Temel Gıda,Şeker,Toz Şeker,,,,,,,
Bor Şeker Toz Şeker 5 Kg,,https://www.migros.com.tr/bor-seker-toz-seker-5-kg-p-3281ba,Temel Gıda,Şeker,Toz Şeker,,,,,,,
Irmak Küp Şeker 1 Kg,,https://www.migros.com.tr/irmak-kup-seker-1-kg-p-32af72,Temel Gıda,Şeker,Küp Şeker,,,,,,,
Migros Küp Şeker 1 Kg,,https://www.migros.com.tr/migros-kup-seker-1-kg-p-32a8c7,Temel Gıda,Şeker,Küp Şeker,,,,,,,
Irmak Küp Şeker 750 G,,https://www.migros.com.tr/irmak-kup-seker-750-g-p-328ce8,Temel Gıda,Şeker,Küp Şeker,,,,,,,
Bor Şeker Küp Şeker 1 Kg,,https://www.migros.com.tr/bor-seker-kup-seker-1-kg-p-32a8c9,Temel Gıda,Şeker,Küp Şeker,,,,,,,
Dr.Oetker Pudra Şekeri 250 G,,https://www.migros.com.tr/droetker-pudra-sekeri-250-g-p-32d3c7,Temel Gıda,Şeker,Pudra Şekeri,,,,,,,
Dr.Oetker Pudra Şekeri Kilitli Ambalaj 150 G,,https://www.migros.com.tr/droetker-pudra-sekeri-kilitli-ambalaj-150-g-p-32d491,Temel Gıda,Şeker,Pudra Şekeri,,,,,,,
Migros Pudra Şekeri 250 G,,https://www.migros.com.tr/migros-pudra-sekeri-250-g-p-6c7eb7,Temel Gıda,Şeker,Pudra Şekeri,,,,,,,
Dr.Oetker Pembe Pudra Şekeri 15 G,,https://www.migros.com.tr/droetker-pembe-pudra-sekeri-15-g-p-6c845d,Temel Gıda,Şeker,Pudra Şekeri,,,,,,,
Irmak Kahverengi Toz Şeker 500 G,,https://www.migros.com.tr/irmak-kahverengi-toz-seker-500-g-p-328cc5,Temel Gıda,Şeker,Esmer Şeker,,,,,,,
Takita Kahverengi Toz Şeker 500 G,,https://www.migros.com.tr/takita-kahverengi-toz-seker-500-g-p-328ce3,Temel Gıda,Şeker,Esmer Şeker,,,,,,,
Takita Kahverengi Küp Şeker 500 G,,https://www.migros.com.tr/takita-kahverengi-kup-seker-500-g-p-32afb0,Temel Gıda,Şeker,Esmer Şeker,,,,,,,
Bor Şeker Tekli Sargılı Küp Şeker 1 Kg,,https://www.migros.com.tr/bor-seker-tekli-sargili-kup-seker-1-kg-p-32a8ca,Temel Gıda,Şeker,Sarma Şeker,,,,,,,
Irmak Tekli Sargılı Küp Şeker 500 G (Poşet),,https://www.migros.com.tr/irmak-tekli-sargili-kup-seker-500-g-poset-p-32a8c8,Temel Gıda,Şeker,Sarma Şeker,,,,,,,
Migros İri Parçalı Ton Balığı 2X160 G,,https://www.migros.com.tr/migros-iri-parcali-ton-baligi-2x160-g-p-8a1bec,Temel Gıda,Konserve,Ton Balığı,,,,,,,
Migros İri Parçalı Light Ton Balığı 2X160 G,,https://www.migros.com.tr/migros-iri-parcali-light-ton-baligi-2x160-g-p-8a1bed,Temel Gıda,Konserve,Ton Balığı,,,,,,,
Dardanel Ayçiçek Yağlı Ton Balığı 3X75 G,,https://www.migros.com.tr/dardanel-aycicek-yagli-ton-baligi-3x75-g-p-8a20e9,Temel Gıda,Konserve,Ton Balığı,,,,,,,
Dardanel Zeytinyağlı Ton Balığı 3X75 G,,https://www.migros.com.tr/dardanel-zeytinyagli-ton-baligi-3x75-g-p-8a20e5,Temel Gıda,Konserve,Ton Balığı,,,,,,,
Dardanel Limon Soslu Uskumru 100 G,,https://www.migros.com.tr/dardanel-limon-soslu-uskumru-100-g-p-8a3e90,Temel Gıda,Konserve,Ton Balığı,,,,,,,
Fide Ekonomik Ton Balığı 3x80 G,,https://www.migros.com.tr/fide-ekonomik-ton-baligi-3x80-g-p-89b374,Temel Gıda,Konserve,Ton Balığı,,,,,,,
Dardanel Light Ton Balığı 3X75 G,,https://www.migros.com.tr/dardanel-light-ton-baligi-3x75-g-p-89e021,Temel Gıda,Konserve,Ton Balığı,,,,,,,
Dardanel Light Ton Balığı 2X150 G,,https://www.migros.com.tr/dardanel-light-ton-baligi-2x150-g-p-89e024,Temel Gıda,Konserve,Ton Balığı,,,,,,,
Dardanel Zeytinyağlı Poşet Ton Balığı 80 G,,https://www.migros.com.tr/dardanel-zeytinyagli-poset-ton-baligi-80-g-p-8a1866,Temel Gıda,Konserve,Ton Balığı,,,,,,,
Fide Klasik Ton Balığı 2X160 G,,https://www.migros.com.tr/fide-klasik-ton-baligi-2x160-g-p-89b33e,Temel Gıda,Konserve,Ton Balığı,,,,,,,
Dardanel Acılı Ton Balığı 2X150 G,,https://www.migros.com.tr/dardanel-acili-ton-baligi-2x150-g-p-89e022,Temel Gıda,Konserve,Ton Balığı,,,,,,,
Fide Zeytinyağlı Ton Balığı 3X80 G,,https://www.migros.com.tr/fide-zeytinyagli-ton-baligi-3x80-g-p-89b331,Temel Gıda,Konserve,Ton Balığı,,,,,,,
Superfresh Superton Ton Ayçiçekyağlı 3X75 G,,https://www.migros.com.tr/superfresh-superton-ton-aycicekyagli-3x75-g-p-89b303,Temel Gıda,Konserve,Ton Balığı,,,,,,,
Superfresh Ton Mısırlı Ton Balığı 2 x 150 G,,https://www.migros.com.tr/superfresh-ton-misirli-ton-baligi-2-x-150-g-p-8a17a7,Temel Gıda,Konserve,Ton Balığı,,,,,,,
Dardanel Ayçiçek Yağlı Ton Balığı 2X140 G,,https://www.migros.com.tr/dardanel-aycicek-yagli-ton-baligi-2x140-g-p-8a17b2,Temel Gıda,Konserve,Ton Balığı,,,,,,,
Fide Light Ton Balığı 3X80 G,,https://www.migros.com.tr/fide-light-ton-baligi-3x80-g-p-8a1baf,Temel Gıda,Konserve,Ton Balığı,,,,,,,
Fide Zeytinyağlı Ton Balığı 2X160 G,,https://www.migros.com.tr/fide-zeytinyagli-ton-baligi-2x160-g-p-8a1be9,Temel Gıda,Konserve,Ton Balığı,,,,,,,
Superfresh Zeytinyağlı Ton Balığı 3X75 G,,https://www.migros.com.tr/superfresh-zeytinyagli-ton-baligi-3x75-g-p-89b309,Temel Gıda,Konserve,Ton Balığı,,,,,,,
Superfresh Light Ton Balığı 3X75 G,,https://www.migros.com.tr/superfresh-light-ton-baligi-3x75-g-p-89b31f,Temel Gıda,Konserve,Ton Balığı,,,,,,,
Superfresh Ayçiçek Yağlı Ton Balığı 3X75 G,,https://www.migros.com.tr/superfresh-aycicek-yagli-ton-baligi-3x75-g-p-89b304,Temel Gıda,Konserve,Ton Balığı,,,,,,,
Superfresh Ton Tahıllı Ton Balık 2x150 G,,https://www.migros.com.tr/superfresh-ton-tahilli-ton-balik-2x150-g-p-8a17a9,Temel Gıda,Konserve,Ton Balığı,,,,,,,
Pınar Ton Balığı Light 3x75 G,,https://www.migros.com.tr/pinar-ton-baligi-light-3x75-g-p-8a17ac,Temel Gıda,Konserve,Ton Balığı,,,,,,,
Superfresh Ton Mix Fasulyeli Ton Balık 2 x 150 G,,https://www.migros.com.tr/superfresh-ton-mix-fasulyeli-ton-balik-2-x-150-g-p-8a17a8,Temel Gıda,Konserve,Ton Balığı,,,,,,,
Dardanel Acılı Ton Balığı 3X75 G,,https://www.migros.com.tr/dardanel-acili-ton-baligi-3x75-g-p-89e023,Temel Gıda,Konserve,Ton Balığı,,,,,,,
Superfresh Zeytinyağlı Ton Balığı 2X150 G,,https://www.migros.com.tr/superfresh-zeytinyagli-ton-baligi-2x150-g-p-89b30a,Temel Gıda,Konserve,Ton Balığı,,,,,,,
Superfresh Superton Ton Balığı 2x150 G,,https://www.migros.com.tr/superfresh-superton-ton-baligi-2x150-g-p-8a17a6,Temel Gıda,Konserve,Ton Balığı,,,,,,,
Pınar Ton Balık Light 2x150 G,,https://www.migros.com.tr/pinar-ton-balik-light-2x150-g-p-8a17ad,Temel Gıda,Konserve,Ton Balığı,,,,,,,
Superfresh Ton Light 2x150 G,,https://www.migros.com.tr/superfresh-ton-light-2x150-g-p-8a17c6,Temel Gıda,Konserve,Ton Balığı,,,,,,,
Fide Light Ton Balığı 2X160 G,,https://www.migros.com.tr/fide-light-ton-baligi-2x160-g-p-8a1bb0,Temel Gıda,Konserve,Ton Balığı,,,,,,,
Superfresh Ayçiçek Yağlı Ton Balığı 2X150 G,,https://www.migros.com.tr/superfresh-aycicek-yagli-ton-baligi-2x150-g-p-89b307,Temel Gıda,Konserve,Ton Balığı,,,,,,,
Fide Klasik Ton Balığı 3x80 G,,https://www.migros.com.tr/fide-klasik-ton-baligi-3x80-g-p-89b37e,Temel Gıda,Konserve,Ton Balığı,,,,,,,
Kalite Tonla Ayçiçek Yağlı Ton Balığı 3*75 G,,https://www.migros.com.tr/kalite-tonla-aycicek-yagli-ton-baligi-375-g-p-8a1813,Temel Gıda,Konserve,Ton Balığı,,,,,,,
Kalite Tonla Bitkisel Yağlı Ton Balığı 2x150 G,,https://www.migros.com.tr/kalite-tonla-bitkisel-yagli-ton-baligi-2x150-g-p-8a1815,Temel Gıda,Konserve,Ton Balığı,,,,,,,
Kalite Tonla Zeytinyağlı Ton Balığı 3*75 G,,https://www.migros.com.tr/kalite-tonla-zeytinyagli-ton-baligi-375-g-p-8a1814,Temel Gıda,Konserve,Ton Balığı,,,,,,,
Dardanel Light Poşet Ton Balığı 80 G,,https://www.migros.com.tr/dardanel-light-poset-ton-baligi-80-g-p-8a1867,Temel Gıda,Konserve,Ton Balığı,,,,,,,
Dardanel Ayçiçekyağlı Poşet Ton Balığı 120 G,,https://www.migros.com.tr/dardanel-aycicekyagli-poset-ton-baligi-120-g-p-8a17dc,Temel Gıda,Konserve,Ton Balığı,,,,,,,
Dardanel Zeytinyağlı Ton Balığı 2x140 G,,https://www.migros.com.tr/dardanel-zeytinyagli-ton-baligi-2x140-g-p-8a1905,Temel Gıda,Konserve,Ton Balığı,,,,,,,
Dardanel Zeytinyağlı Somon Poşet 80 G,,https://www.migros.com.tr/dardanel-zeytinyagli-somon-poset-80-g-p-8a180d,Temel Gıda,Konserve,Ton Balığı,,,,,,,
Pınar Ton Balığı 3x75 G,,https://www.migros.com.tr/pinar-ton-baligi-3x75-g-p-8a17ab,Temel Gıda,Konserve,Ton Balığı,,,,,,,
Dardanel Ekonomik Ton 2x140 G,,https://www.migros.com.tr/dardanel-ekonomik-ton-2x140-g-p-8a180e,Temel Gıda,Konserve,Ton Balığı,,,,,,,
Pınar Ton Balığı 2x150 G,,https://www.migros.com.tr/pinar-ton-baligi-2x150-g-p-8a17aa,Temel Gıda,Konserve,Ton Balığı,,,,,,,
Dardanel Ekonomik Ton 3X75 G,,https://www.migros.com.tr/dardanel-ekonomik-ton-3x75-g-p-89b73d,Temel Gıda,Konserve,Ton Balığı,,,,,,,
Tat Domates Salçası 830 G,,https://www.migros.com.tr/tat-domates-salcasi-830-g-p-897b59,Temel Gıda,Konserve,Salça,Domates Salçası,,,,,,
Tat Domates Salçası Cam 710 G,,https://www.migros.com.tr/tat-domates-salcasi-cam-710-g-p-897b64,Temel Gıda,Konserve,Salça,Domates Salçası,,,,,,
Migros Domates Salçası 830 G,,https://www.migros.com.tr/migros-domates-salcasi-830-g-p-897bca,Temel Gıda,Konserve,Salça,Domates Salçası,,,,,,
Tat Köy Domates Salçası 560 G,,https://www.migros.com.tr/tat-koy-domates-salcasi-560-g-p-897c86,Temel Gıda,Konserve,Salça,Domates Salçası,,,,,,
Tukaş Domates Salçası 700 G,,https://www.migros.com.tr/tukas-domates-salcasi-700-g-p-897c67,Temel Gıda,Konserve,Salça,Domates Salçası,,,,,,
Tat Köy Domates Salçası 1700 G,,https://www.migros.com.tr/tat-koy-domates-salcasi-1700-g-p-897c79,Temel Gıda,Konserve,Salça,Domates Salçası,,,,,,
Tukaş Domates Salçası 1650 G,,https://www.migros.com.tr/tukas-domates-salcasi-1650-g-p-897bb5,Temel Gıda,Konserve,Salça,Domates Salçası,,,,,,
Tat Köy Antep Tipi Domates - Biber Salçası 560 G,,https://www.migros.com.tr/tat-koy-antep-tipi-domates-biber-salcasi-560-g-p-897b61,Temel Gıda,Konserve,Salça,Domates Salçası,,,,,,
Tat Domates Salçası 360 G,,https://www.migros.com.tr/tat-domates-salcasi-360-g-p-897b69,Temel Gıda,Konserve,Salça,Domates Salçası,,,,,,
İpek Domates Salçası 650 G (Cam),,https://www.migros.com.tr/ipek-domates-salcasi-650-g-cam-p-898346,Temel Gıda,Konserve,Salça,Domates Salçası,,,,,,
Tukaş Domates Salçası 830 G,,https://www.migros.com.tr/tukas-domates-salcasi-830-g-p-897c64,Temel Gıda,Konserve,Salça,Domates Salçası,,,,,,
Tat Domates Salçası 170 G,,https://www.migros.com.tr/tat-domates-salcasi-170-g-p-897b53,Temel Gıda,Konserve,Salça,Domates Salçası,,,,,,
İpek Domates Salçası 1500 G (Cam),,https://www.migros.com.tr/ipek-domates-salcasi-1500-g-cam-p-897f5d,Temel Gıda,Konserve,Salça,Domates Salçası,,,,,,
Tamek Domates Salçası 830 G,,https://www.migros.com.tr/tamek-domates-salcasi-830-g-p-897c72,Temel Gıda,Konserve,Salça,Domates Salçası,,,,,,
Öncü Domates Salçası Tnk 830 G,,https://www.migros.com.tr/oncu-domates-salcasi-tnk-830-g-p-897b7d,Temel Gıda,Konserve,Salça,Domates Salçası,,,,,,
Migros Domates Salça 830 G,,https://www.migros.com.tr/migros-domates-salca-830-g-p-897ba5,Temel Gıda,Konserve,Salça,Domates Salçası,,,,,,
Tat Köy Domates Ve Biber Karışımı Salça 1650 G,,https://www.migros.com.tr/tat-koy-domates-ve-biber-karisimi-salca-1650-g-p-8ab507,Temel Gıda,Konserve,Salça,Domates Salçası,,,,,,
Tat Domates Salçası 1500 G,,https://www.migros.com.tr/tat-domates-salcasi-1500-g-p-89e068,Temel Gıda,Konserve,Salça,Domates Salçası,,,,,,
Burcu Domates Salça 600 Gr,,https://www.migros.com.tr/burcu-domates-salca-600-gr-p-897f85,Temel Gıda,Konserve,Salça,Domates Salçası,,,,,,
Tamek Domates Salçası 700 G ( Cam ),,https://www.migros.com.tr/tamek-domates-salcasi-700-g-cam-p-897c77,Temel Gıda,Konserve,Salça,Domates Salçası,,,,,,
Tamek Domates Salçası 360 G,,https://www.migros.com.tr/tamek-domates-salcasi-360-g-p-897c74,Temel Gıda,Konserve,Salça,Domates Salçası,,,,,,
İpek Domates Salçası 1.650 G Pet,,https://www.migros.com.tr/ipek-domates-salcasi-1650-g-pet-p-897c08,Temel Gıda,Konserve,Salça,Domates Salçası,,,,,,
Burcu Fesleğenli Pizza Sosu 580 G,,https://www.migros.com.tr/burcu-feslegenli-pizza-sosu-580-g-p-89b321,Temel Gıda,Konserve,Salça,Domates Salçası,,,,,,
Öncü Domates Salçası 700 G,,https://www.migros.com.tr/oncu-domates-salcasi-700-g-p-897c87,Temel Gıda,Konserve,Salça,Domates Salçası,,,,,,
Burcu Biber Domates Salçası 600 G,,https://www.migros.com.tr/burcu-biber-domates-salcasi-600-g-p-2be3b6b,Temel Gıda,Konserve,Salça,Domates Salçası,,,,,,
Burcu Organik Domates Salçası 580 G,,https://www.migros.com.tr/burcu-organik-domates-salcasi-580-g-p-897ca3,Temel Gıda,Konserve,Salça,Domates Salçası,,,,,,
İpek Biber Salçası Tatlı 650 G (Cam),,https://www.migros.com.tr/ipek-biber-salcasi-tatli-650-g-cam-p-898345,Temel Gıda,Konserve,Salça,Biber Salçası,,,,,,
İpek Biber Salçası Acı 650 G (Cam),,https://www.migros.com.tr/ipek-biber-salcasi-aci-650-g-cam-p-898347,Temel Gıda,Konserve,Salça,Biber Salçası,,,,,,
Tat Tatlı Biber Salçası 550 G,,https://www.migros.com.tr/tat-tatli-biber-salcasi-550-g-p-897f3e,Temel Gıda,Konserve,Salça,Biber Salçası,,,,,,
Tat Köy Talı Biber Salçası,,https://www.migros.com.tr/tat-koy-tali-biber-salcasi-p-897f51,Temel Gıda,Konserve,Salça,Biber Salçası,,,,,,
Tat Acı Biber Salçası 550 G,,https://www.migros.com.tr/tat-aci-biber-salcasi-550-g-p-897f41,Temel Gıda,Konserve,Salça,Biber Salçası,,,,,,
İpek Biber Salçası Tatlı 1450 G (Cam),,https://www.migros.com.tr/ipek-biber-salcasi-tatli-1450-g-cam-p-897bda,Temel Gıda,Konserve,Salça,Biber Salçası,,,,,,
Burcu Acı Biber Salçası 600 G.,,https://www.migros.com.tr/burcu-aci-biber-salcasi-600-g-p-2be3b65,Temel Gıda,Konserve,Salça,Biber Salçası,,,,,,
İpek Biber Salçası Acı 1450 G (Cam),,https://www.migros.com.tr/ipek-biber-salcasi-aci-1450-g-cam-p-897bdb,Temel Gıda,Konserve,Salça,Biber Salçası,,,,,,
Migros Acı Biber Salçası 700 G,,https://www.migros.com.tr/migros-aci-biber-salcasi-700-g-p-897f4d,Temel Gıda,Konserve,Salça,Biber Salçası,,,,,,
Migros Tatlı Biber Salçası 700G,,https://www.migros.com.tr/migros-tatli-biber-salcasi-700g-p-897f4c,Temel Gıda,Konserve,Salça,Biber Salçası,,,,,,
Öncü Biber Salçası Acı Cam 700 Gr,,https://www.migros.com.tr/oncu-biber-salcasi-aci-cam-700-gr-p-897b80,Temel Gıda,Konserve,Salça,Biber Salçası,,,,,,
Tat Köy Tatlı Biber Salçası 1625 G,,https://www.migros.com.tr/tat-koy-tatli-biber-salcasi-1625-g-p-898328,Temel Gıda,Konserve,Salça,Biber Salçası,,,,,,
Öncü Biber Salçası Tatlı Cam 700 G,,https://www.migros.com.tr/oncu-biber-salcasi-tatli-cam-700-g-p-897b81,Temel Gıda,Konserve,Salça,Biber Salçası,,,,,,
İpek Acı Biber Salçası 1.600 G Pet,,https://www.migros.com.tr/ipek-aci-biber-salcasi-1600-g-pet-p-897c09,Temel Gıda,Konserve,Salça,Biber Salçası,,,,,,
İpek Tatlı Biber Salçası 1.600 G Pet,,https://www.migros.com.tr/ipek-tatli-biber-salcasi-1600-g-pet-p-897c0a,Temel Gıda,Konserve,Salça,Biber Salçası,,,,,,
Öncü Biber Salçası Tatlı 1650 G,,https://www.migros.com.tr/oncu-biber-salcasi-tatli-1650-g-p-2be48a3,Temel Gıda,Konserve,Salça,Biber Salçası,,,,,,
Tat Domates Rendesi 685 G,,https://www.migros.com.tr/tat-domates-rendesi-685-g-p-898342,Temel Gıda,Konserve,Salça,Domates Ürünleri,,,,,,
Tat Domates Püresi 200 G,,https://www.migros.com.tr/tat-domates-puresi-200-g-p-898343,Temel Gıda,Konserve,Salça,Domates Ürünleri,,,,,,
Tat Domates Püresi 6X200 G,,https://www.migros.com.tr/tat-domates-puresi-6x200-g-p-898344,Temel Gıda,Konserve,Salça,Domates Ürünleri,,,,,,
Burcu Domates Rendesi 700 G,,https://www.migros.com.tr/burcu-domates-rendesi-700-g-p-89a1fa,Temel Gıda,Konserve,Salça,Domates Ürünleri,,,,,,
Tukaş Rendelenmiş Domates 700 G,,https://www.migros.com.tr/tukas-rendelenmis-domates-700-g-p-897f73,Temel Gıda,Konserve,Salça,Domates Ürünleri,,,,,,
Tat Doğranmış Domates 340 G,,https://www.migros.com.tr/tat-dogranmis-domates-340-g-p-897c03,Temel Gıda,Konserve,Salça,Domates Ürünleri,,,,,,
Tamek Domates Püresi 3X210 G,,https://www.migros.com.tr/tamek-domates-puresi-3x210-g-p-898333,Temel Gıda,Konserve,Salça,Domates Ürünleri,,,,,,
Tat Menemen Harcı 340 G,,https://www.migros.com.tr/tat-menemen-harci-340-g-p-5c2fae,Temel Gıda,Konserve,Salça,Domates Ürünleri,,,,,,
Tat İkili Doğranmış Domates 800 G,,https://www.migros.com.tr/tat-ikili-dogranmis-domates-800-g-p-898523,Temel Gıda,Konserve,Salça,Domates Ürünleri,,,,,,
Demko Doğranmış Domates 400 G,,https://www.migros.com.tr/demko-dogranmis-domates-400-g-p-898582,Temel Gıda,Konserve,Salça,Domates Ürünleri,,,,,,
Tat Doğranmış Domates 400 G,,https://www.migros.com.tr/tat-dogranmis-domates-400-g-p-89851e,Temel Gıda,Konserve,Salça,Domates Ürünleri,,,,,,
Tat Kornişon Turşusu 680 G,,https://www.migros.com.tr/tat-kornison-tursusu-680-g-p-f732a3,Temel Gıda,Konserve,Turşu,,,,,,,
Tat Kornişon Turşusu 370 Cc,,https://www.migros.com.tr/tat-kornison-tursusu-370-cc-p-f7329f,Temel Gıda,Konserve,Turşu,,,,,,,
Migros Biberiye Turşusu 330 G,,https://www.migros.com.tr/migros-biberiye-tursusu-330-g-p-f73468,Temel Gıda,Konserve,Turşu,,,,,,,
Berrak Salatalık Turşu 680 G,,https://www.migros.com.tr/berrak-salatalik-tursu-680-g-p-f7320d,Temel Gıda,Konserve,Turşu,,,,,,,
Kühne Cüccü Kornişon Turşusu 340 G,,https://www.migros.com.tr/kuhne-cuccu-kornison-tursusu-340-g-p-89df27,Temel Gıda,Konserve,Turşu,,,,,,,
Kühne Pancar Turşusu 680 G,,https://www.migros.com.tr/kuhne-pancar-tursusu-680-g-p-89fcb1,Temel Gıda,Konserve,Turşu,,,,,,,
Kuhne Jalapeno Biber Turşusu Dilimli 650 G,,https://www.migros.com.tr/kuhne-jalapeno-biber-tursusu-dilimli-650-g-p-f733c2,Temel Gıda,Konserve,Turşu,,,,,,,
Berrak Salatalık Turşu 1600 Cc,,https://www.migros.com.tr/berrak-salatalik-tursu-1600-cc-p-f73212,Temel Gıda,Konserve,Turşu,,,,,,,
Kühne Türk Tipi Karışık Turşu 680 G,,https://www.migros.com.tr/kuhne-turk-tipi-karisik-tursu-680-g-p-89df06,Temel Gıda,Konserve,Turşu,,,,,,,
Kühne Salatalık Turşusu Alman Tipi 670 Cc,,https://www.migros.com.tr/kuhne-salatalik-tursusu-alman-tipi-670-cc-p-f73211,Temel Gıda,Konserve,Turşu,,,,,,,
Kühne Az Tuzlu Kornişon Turşu 670 G,,https://www.migros.com.tr/kuhne-az-tuzlu-kornison-tursu-670-g-p-89df73,Temel Gıda,Konserve,Turşu,,,,,,,
Kühne Ege Usulü Kornişon Turşu 670 G,,https://www.migros.com.tr/kuhne-ege-usulu-kornison-tursu-670-g-p-f734ee,Temel Gıda,Konserve,Turşu,,,,,,,
Kühne Türk Tipi Kornişon Turşu 670 G,,https://www.migros.com.tr/kuhne-turk-tipi-kornison-tursu-670-g-p-89dfe6,Temel Gıda,Konserve,Turşu,,,,,,,
Tat Kırmızı Pancar Turşusu 720 Cc / 680 G,,https://www.migros.com.tr/tat-kirmizi-pancar-tursusu-720-cc-680-g-p-f732a9,Temel Gıda,Konserve,Turşu,,,,,,,
Penguen Salatalık Turşusu 670 G,,https://www.migros.com.tr/penguen-salatalik-tursusu-670-g-p-f7346f,Temel Gıda,Konserve,Turşu,,,,,,,
Berrak Pancar Turşu 700 Cc,,https://www.migros.com.tr/berrak-pancar-tursu-700-cc-p-f732d4,Temel Gıda,Konserve,Turşu,,,,,,,
Sera Salamura Yaprak 970 G,,https://www.migros.com.tr/sera-salamura-yaprak-970-g-p-f75999,Temel Gıda,Konserve,Turşu,,,,,,,
Berrak Karışık Turşu 1600 Cc,,https://www.migros.com.tr/berrak-karisik-tursu-1600-cc-p-f73276,Temel Gıda,Konserve,Turşu,,,,,,,
Tat Karışık Turşu 680 G,,https://www.migros.com.tr/tat-karisik-tursu-680-g-p-f732a8,Temel Gıda,Konserve,Turşu,,,,,,,
Çubuk Turşusu Kg,,https://www.migros.com.tr/cubuk-tursusu-kg-p-121ec19,Temel Gıda,Konserve,Turşu,,,,,,,
Tat Acı Biber Turşusu 330 G,,https://www.migros.com.tr/tat-aci-biber-tursusu-330-g-p-f734f6,Temel Gıda,Konserve,Turşu,,,,,,,
Berrak Karışık Turşu 720 G,,https://www.migros.com.tr/berrak-karisik-tursu-720-g-p-f73271,Temel Gıda,Konserve,Turşu,,,,,,,
Berrak Sarımsak Turşusu 340 Cc,,https://www.migros.com.tr/berrak-sarimsak-tursusu-340-cc-p-f73316,Temel Gıda,Konserve,Turşu,,,,,,,
Kühne Türk Tipi Salatalık Turşusu 670 G,,https://www.migros.com.tr/kuhne-turk-tipi-salatalik-tursusu-670-g-p-89df05,Temel Gıda,Konserve,Turşu,,,,,,,
Penguen Biberiye Turşusu 300 Ml,,https://www.migros.com.tr/penguen-biberiye-tursusu-300-ml-p-f7347e,Temel Gıda,Konserve,Turşu,,,,,,,
Berrak Ankara Çubuk Salatalık Turşusu 350 G,,https://www.migros.com.tr/berrak-ankara-cubuk-salatalik-tursusu-350-g-p-f73216,Temel Gıda,Konserve,Turşu,,,,,,,
Penguen Karışık Turşu 1650 Ml,,https://www.migros.com.tr/penguen-karisik-tursu-1650-ml-p-f73470,Temel Gıda,Konserve,Turşu,,,,,,,
Berrak Zengin Karışık Turşu 980 Ml,,https://www.migros.com.tr/berrak-zengin-karisik-tursu-980-ml-p-f734fa,Temel Gıda,Konserve,Turşu,,,,,,,
Berrak Biberiye Turşusu 325 G,,https://www.migros.com.tr/berrak-biberiye-tursusu-325-g-p-f7330c,Temel Gıda,Konserve,Turşu,,,,,,,
Tat Biberiye Turşusu 330 G,,https://www.migros.com.tr/tat-biberiye-tursusu-330-g-p-f734f7,Temel Gıda,Konserve,Turşu,,,,,,,
Superfresh Mısır 3X220 G,,https://www.migros.com.tr/superfresh-misir-3x220-g-p-89d533,Temel Gıda,Konserve,Konserve Mısır,,,,,,,
Migros Mısır Konservesi 340G,,https://www.migros.com.tr/migros-misir-konservesi-340g-p-89dfe5,Temel Gıda,Konserve,Konserve Mısır,,,,,,,
Penguen Süt Mısır 3X150 G,,https://www.migros.com.tr/penguen-sut-misir-3x150-g-p-89dfd3,Temel Gıda,Konserve,Konserve Mısır,,,,,,,
Yayla Haşlanmış Tane Mısır 220 G,,https://www.migros.com.tr/yayla-haslanmis-tane-misir-220-g-p-8b0a52,Temel Gıda,Konserve,Konserve Mısır,,,,,,,
Tat Mısır 3x210 G,,https://www.migros.com.tr/tat-misir-3x210-g-p-8ae326,Temel Gıda,Konserve,Konserve Mısır,,,,,,,
Burcu Mısır Haşlama 320 G,,https://www.migros.com.tr/burcu-misir-haslama-320-g-p-89b30e,Temel Gıda,Konserve,Konserve Mısır,,,,,,,
Tat Haşlanmış Fasulye 800 G,,https://www.migros.com.tr/tat-haslanmis-fasulye-800-g-p-89d348,Temel Gıda,Konserve,Haşlanmış,,,,,,,
Tat Haşlanmış Nohut 800 G,,https://www.migros.com.tr/tat-haslanmis-nohut-800-g-p-89d334,Temel Gıda,Konserve,Haşlanmış,,,,,,,
Tukaş Nohut Haşlama 800 G,,https://www.migros.com.tr/tukas-nohut-haslama-800-g-p-89d357,Temel Gıda,Konserve,Haşlanmış,,,,,,,
Tat Meksika Fasulyesi 410 G,,https://www.migros.com.tr/tat-meksika-fasulyesi-410-g-p-89d2a3,Temel Gıda,Konserve,Haşlanmış,,,,,,,
Yayla Haşlanmış Bezelye 700 G,,https://www.migros.com.tr/yayla-haslanmis-bezelye-700-g-p-8b0a41,Temel Gıda,Konserve,Haşlanmış,,,,,,,
Heinz Meksika Fasülyesi 400 G,,https://www.migros.com.tr/heinz-meksika-fasulyesi-400-g-p-89d2a4,Temel Gıda,Konserve,Haşlanmış,,,,,,,
Tamek Haşlanmış Fasulye 800 G,,https://www.migros.com.tr/tamek-haslanmis-fasulye-800-g-p-89d37a,Temel Gıda,Konserve,Haşlanmış,,,,,,,
Tat Haşlanmış Barbunya 800 G,,https://www.migros.com.tr/tat-haslanmis-barbunya-800-g-p-89d33e,Temel Gıda,Konserve,Haşlanmış,,,,,,,
Yayla Haşlanmış Maş Fasulyesi 400 G,,https://www.migros.com.tr/yayla-haslanmis-mas-fasulyesi-400-g-p-8b0a7d,Temel Gıda,Konserve,Haşlanmış,,,,,,,
Legurme Haşlanmış Fasulye 700 G,,https://www.migros.com.tr/legurme-haslanmis-fasulye-700-g-p-89e065,Temel Gıda,Konserve,Haşlanmış,,,,,,,
Migros Haşlanmış Nohut Konservesi 800G,,https://www.migros.com.tr/migros-haslanmis-nohut-konservesi-800g-p-89e073,Temel Gıda,Konserve,Haşlanmış,,,,,,,
Ant Bahar Hindi Tandır Konserve 2X120 G,,https://www.migros.com.tr/ant-bahar-hindi-tandir-konserve-2x120-g-p-89b312,Temel Gıda,Konserve,Haşlanmış,,,,,,,
Ant Bahar Hindi Fileto Konserve 2X120 G,,https://www.migros.com.tr/ant-bahar-hindi-fileto-konserve-2x120-g-p-89b313,Temel Gıda,Konserve,Haşlanmış,,,,,,,
Tat Organik Kuru Fasulye Konservesi 720 G,,https://www.migros.com.tr/tat-organik-kuru-fasulye-konservesi-720-g-p-89b368,Temel Gıda,Konserve,Haşlanmış,,,,,,,
Tamek Haşlanmış Barbunya 800 G,,https://www.migros.com.tr/tamek-haslanmis-barbunya-800-g-p-89d370,Temel Gıda,Konserve,Haşlanmış,,,,,,,
Ant Bahar Tahıllı Tohumlu Hindi Konserve 185 G,,https://www.migros.com.tr/ant-bahar-tahilli-tohumlu-hindi-konserve-185-g-p-89b311,Temel Gıda,Konserve,Haşlanmış,,,,,,,
Migros Haşlanmış Fasulye Konservesi 800G,,https://www.migros.com.tr/migros-haslanmis-fasulye-konservesi-800g-p-89e074,Temel Gıda,Konserve,Haşlanmış,,,,,,,
Yayla Haşlanmış Garnitür 560 G,,https://www.migros.com.tr/yayla-haslanmis-garnitur-560-g-p-8b0a42,Temel Gıda,Konserve,Haşlanmış,,,,,,,
Tat Közlenmiş Patlıcan 520 G,,https://www.migros.com.tr/tat-kozlenmis-patlican-520-g-p-89d825,Temel Gıda,Konserve,Közlenmiş,,,,,,,
Migros Közlenmiş Biber 680 G,,https://www.migros.com.tr/migros-kozlenmis-biber-680-g-p-89dff8,Temel Gıda,Konserve,Közlenmiş,,,,,,,
Tukaş Közlenmiş Biber 680 G.,,https://www.migros.com.tr/tukas-kozlenmis-biber-680-g-p-89d823,Temel Gıda,Konserve,Közlenmiş,,,,,,,
Tat Közlenmiş Patlıcan Salatası 520 G,,https://www.migros.com.tr/tat-kozlenmis-patlican-salatasi-520-g-p-89d826,Temel Gıda,Konserve,Közlenmiş,,,,,,,
Migros Közlenmiş Patlıcan 650 G,,https://www.migros.com.tr/migros-kozlenmis-patlican-650-g-p-89dff9,Temel Gıda,Konserve,Közlenmiş,,,,,,,
Tat Közlenmiş Biber 670 G,,https://www.migros.com.tr/tat-kozlenmis-biber-670-g-p-89d820,Temel Gıda,Konserve,Közlenmiş,,,,,,,
Melis Közlenmiş Biber 680 G,,https://www.migros.com.tr/melis-kozlenmis-biber-680-g-p-89decf,Temel Gıda,Konserve,Közlenmiş,,,,,,,
Kühne Acı Közlenmiş Biber 680 G,,https://www.migros.com.tr/kuhne-aci-kozlenmis-biber-680-g-p-89d841,Temel Gıda,Konserve,Közlenmiş,,,,,,,
Kühne Közlenmiş Kırmızı Biber 670 G,,https://www.migros.com.tr/kuhne-kozlenmis-kirmizi-biber-670-g-p-89d69c,Temel Gıda,Konserve,Közlenmiş,,,,,,,
Tukaş Közlenmiş Patlıcan 650 G,,https://www.migros.com.tr/tukas-kozlenmis-patlican-650-g-p-89dff1,Temel Gıda,Konserve,Közlenmiş,,,,,,,
Kühne Közlenmiş Patlıcan 640 G,,https://www.migros.com.tr/kuhne-kozlenmis-patlican-640-g-p-89d83f,Temel Gıda,Konserve,Közlenmiş,,,,,,,
Penguen Közlenmiş Kapya Biber 680 G,,https://www.migros.com.tr/penguen-kozlenmis-kapya-biber-680-g-p-89d816,Temel Gıda,Konserve,Közlenmiş,,,,,,,
Kühne Közlenmiş Patlıcan Salatası 660 G,,https://www.migros.com.tr/kuhne-kozlenmis-patlican-salatasi-660-g-p-89d840,Temel Gıda,Konserve,Közlenmiş,,,,,,,
Penguen Közlenmiş Patlıcan Konservesi 520 G,,https://www.migros.com.tr/penguen-kozlenmis-patlican-konservesi-520-g-p-89d830,Temel Gıda,Konserve,Közlenmiş,,,,,,,
Melis Közlenmiş Patlıcan 640 G,,https://www.migros.com.tr/melis-kozlenmis-patlican-640-g-p-89dfd0,Temel Gıda,Konserve,Közlenmiş,,,,,,,
Penguen Lütenitsa Balkan Sosu Acılı 300 G,,https://www.migros.com.tr/penguen-lutenitsa-balkan-sosu-acili-300-g-p-89b2f9,Temel Gıda,Konserve,Közlenmiş,,,,,,,
Tat Garnitür 550 G,,https://www.migros.com.tr/tat-garnitur-550-g-p-89def6,Temel Gıda,Konserve,Garnitür,,,,,,,
Tat Garnitür 340 G ( Cam ),,https://www.migros.com.tr/tat-garnitur-340-g-cam-p-89c984,Temel Gıda,Konserve,Garnitür,,,,,,,
Migros Garnitür 560 G,,https://www.migros.com.tr/migros-garnitur-560-g-p-89e06a,Temel Gıda,Konserve,Garnitür,,,,,,,
Tamek Garnitür Cam 550 G,,https://www.migros.com.tr/tamek-garnitur-cam-550-g-p-8a3f06,Temel Gıda,Konserve,Garnitür,,,,,,,
Tukaş Garnitür 560 G,,https://www.migros.com.tr/tukas-garnitur-560-g-p-89dee1,Temel Gıda,Konserve,Garnitür,,,,,,,
Penguen Garnitür 540 G ( Cam ),,https://www.migros.com.tr/penguen-garnitur-540-g-cam-p-89cbcb,Temel Gıda,Konserve,Garnitür,,,,,,,
Tat Bezelye 680 G Cam,,https://www.migros.com.tr/tat-bezelye-680-g-cam-p-89c980,Temel Gıda,Konserve,Konserve Sebze,,,,,,,
Tat Bezelye 830 G,,https://www.migros.com.tr/tat-bezelye-830-g-p-89c97f,Temel Gıda,Konserve,Konserve Sebze,,,,,,,
Tat Tombul Bamya 800 G,,https://www.migros.com.tr/tat-tombul-bamya-800-g-p-89cf56,Temel Gıda,Konserve,Konserve Sebze,,,,,,,
Penguen Bezelye Konservesi 680 G,,https://www.migros.com.tr/penguen-bezelye-konservesi-680-g-p-89debc,Temel Gıda,Konserve,Konserve Sebze,,,,,,,
Tamek Bezelye 670 G ( Cam ),,https://www.migros.com.tr/tamek-bezelye-670-g-cam-p-89dee7,Temel Gıda,Konserve,Konserve Sebze,,,,,,,
Tat Sultanı Bamya 800 G,,https://www.migros.com.tr/tat-sultani-bamya-800-g-p-89cf5b,Temel Gıda,Konserve,Konserve Sebze,,,,,,,
İpek Bezelye Konservesi 1/1 830 G,,https://www.migros.com.tr/ipek-bezelye-konservesi-11-830-g-p-2be3cb9,Temel Gıda,Konserve,Konserve Sebze,,,,,,,
Tat Ayşe Fasulye 670 G,,https://www.migros.com.tr/tat-ayse-fasulye-670-g-p-89cd6b,Temel Gıda,Konserve,Konserve Sebze,,,,,,,
Tat Enginar 610 G,,https://www.migros.com.tr/tat-enginar-610-g-p-89d0b4,Temel Gıda,Konserve,Konserve Sebze,,,,,,,
Tamek Bezelye 830 G,,https://www.migros.com.tr/tamek-bezelye-830-g-p-89ded4,Temel Gıda,Konserve,Konserve Sebze,,,,,,,
Burcu Enginar Konservesi Cam 540 G,,https://www.migros.com.tr/burcu-enginar-konservesi-cam-540-g-p-89b30b,Temel Gıda,Konserve,Konserve Sebze,,,,,,,
Talia Grill Salamura Enginar Kalbi-Çeyrek 450 G,,https://www.migros.com.tr/talia-grill-salamura-enginar-kalbi-ceyrek-450-g-p-8adb3d,Temel Gıda,Konserve,Konserve Sebze,,,,,,,
Burcu Taze Fasulye Konservesi 550 G,,https://www.migros.com.tr/burcu-taze-fasulye-konservesi-550-g-p-89b30d,Temel Gıda,Konserve,Konserve Sebze,,,,,,,
Demko Soyulmuş Domates 400 G,,https://www.migros.com.tr/demko-soyulmus-domates-400-g-p-89e05c,Temel Gıda,Konserve,Konserve Sebze,,,,,,,
Gurme 212 Acı Köfte Sosu 280G,,https://www.migros.com.tr/gurme-212-aci-kofte-sosu-280g-p-89b74a,Temel Gıda,Konserve,Konserve Sebze,,,,,,,
Gurme212 Köpoğlu Yemek Sosu 300 G,,https://www.migros.com.tr/gurme212-kopoglu-yemek-sosu-300-g-p-8bc542,Temel Gıda,Konserve,Konserve Sebze,,,,,,,
Fide Közlenmiş Patlıcan 650 G,,https://www.migros.com.tr/fide-kozlenmis-patlican-650-g-p-89b73e,Temel Gıda,Konserve,Konserve Sebze,,,,,,,
Migros Bezelye Konservesi 830 G,,https://www.migros.com.tr/migros-bezelye-konservesi-830-g-p-89e069,Temel Gıda,Konserve,Konserve Sebze,,,,,,,
Tat Ayşe Fasulye 830 G,,https://www.migros.com.tr/tat-ayse-fasulye-830-g-p-89cd62,Temel Gıda,Konserve,Konserve Sebze,,,,,,,
Tat Organik Bezelye 680 G,,https://www.migros.com.tr/tat-organik-bezelye-680-g-p-89b377,Temel Gıda,Konserve,Konserve Sebze,,,,,,,
Dardanel Hamsi 110 G,,https://www.migros.com.tr/dardanel-hamsi-110-g-p-8a18fe,Temel Gıda,Konserve,Konserve Deniz Ürünleri,,,,,,,
Dardanel Sardalya 125 G,,https://www.migros.com.tr/dardanel-sardalya-125-g-p-89b737,Temel Gıda,Konserve,Konserve Deniz Ürünleri,,,,,,,
Dardanel Sardalya 105 G,,https://www.migros.com.tr/dardanel-sardalya-105-g-p-8a23c1,Temel Gıda,Konserve,Konserve Deniz Ürünleri,,,,,,,
Dardanel Kuskuslu Ton 185 G,,https://www.migros.com.tr/dardanel-kuskuslu-ton-185-g-p-89b301,Temel Gıda,Konserve,Konserve Deniz Ürünleri,,,,,,,
Tada Hamsi Konservesi 125 G,,https://www.migros.com.tr/tada-hamsi-konservesi-125-g-p-89b341,Temel Gıda,Konserve,Konserve Deniz Ürünleri,,,,,,,
Mantar Bütün 330 G Müpa,,https://www.migros.com.tr/mantar-butun-330-g-mupa-p-89d726,Temel Gıda,Konserve,Konserve Mantar,,,,,,,
Burcu Dilim Mantar Cam Kavanoz 310 G,,https://www.migros.com.tr/burcu-dilim-mantar-cam-kavanoz-310-g-p-89b372,Temel Gıda,Konserve,Konserve Mantar,,,,,,,
Tat Mantar 340 G,,https://www.migros.com.tr/tat-mantar-340-g-p-89d72c,Temel Gıda,Konserve,Konserve Mantar,,,,,,,
Tat Dilimli Mantar Konservesi 330 G,,https://www.migros.com.tr/tat-dilimli-mantar-konservesi-330-g-p-89b348,Temel Gıda,Konserve,Konserve Mantar,,,,,,,
Tat Türlü 680 G,,https://www.migros.com.tr/tat-turlu-680-g-p-89def7,Temel Gıda,Konserve,Konserve Türlü,,,,,,,
Burcu Türlü Konservesi 550 G,,https://www.migros.com.tr/burcu-turlu-konservesi-550-g-p-89b30c,Temel Gıda,Konserve,Konserve Türlü,,,,,,,
Tat Türlü 830 G,,https://www.migros.com.tr/tat-turlu-830-g-p-89ce2a,Temel Gıda,Konserve,Konserve Türlü,,,,,,,
Migros Un 5 Kg,,https://www.migros.com.tr/migros-un-5-kg-p-4c7707,Temel Gıda,Un,Sade Un,,,,,,,
Migros Un 2 Kg,,https://www.migros.com.tr/migros-un-2-kg-p-4c7706,Temel Gıda,Un,Sade Un,,,,,,,
Sinangil Un 2 Kg,,https://www.migros.com.tr/sinangil-un-2-kg-p-4c8c37,Temel Gıda,Un,Sade Un,,,,,,,
Söke Un 2 Kg,,https://www.migros.com.tr/soke-un-2-kg-p-4c73e2,Temel Gıda,Un,Sade Un,,,,,,,
Sinangil Un 5 Kg,,https://www.migros.com.tr/sinangil-un-5-kg-p-4c8c38,Temel Gıda,Un,Sade Un,,,,,,,
Migros Un 1 Kg,,https://www.migros.com.tr/migros-un-1-kg-p-4c7705,Temel Gıda,Un,Sade Un,,,,,,,
Sinangil Un 1 Kg,,https://www.migros.com.tr/sinangil-un-1-kg-p-4c7445,Temel Gıda,Un,Sade Un,,,,,,,
Eriş Un 2 Kg,,https://www.migros.com.tr/eris-un-2-kg-p-4c8d26,Temel Gıda,Un,Sade Un,,,,,,,
Söke Un 5 Kg,,https://www.migros.com.tr/soke-un-5-kg-p-4c73e5,Temel Gıda,Un,Sade Un,,,,,,,
Eriş Un 1 Kg,,https://www.migros.com.tr/eris-un-1-kg-p-4c8d16,Temel Gıda,Un,Sade Un,,,,,,,
Eriş Un 5 Kg,,https://www.migros.com.tr/eris-un-5-kg-p-4c8d25,Temel Gıda,Un,Sade Un,,,,,,,
Söke Tam Buğday Unu 2 Kg,,https://www.migros.com.tr/soke-tam-bugday-unu-2-kg-p-4c8cec,Temel Gıda,Un,Un Karışımı,,,,,,,
Söke Ruşeymli Un Karışımı 500 Gr,,https://www.migros.com.tr/soke-ruseymli-un-karisimi-500-gr-p-4c8d3d,Temel Gıda,Un,Un Karışımı,,,,,,,
Anadolu Lezzetleri Karakılçık Tam Buğday Unu 500 G,,https://www.migros.com.tr/anadolu-lezzetleri-karakilcik-tam-bugday-unu-500-g-p-4c8d56,Temel Gıda,Un,Un Karışımı,,,,,,,
Söke Tam Buğday Unu 1 Kg,,https://www.migros.com.tr/soke-tam-bugday-unu-1-kg-p-4c73f6,Temel Gıda,Un,Un Karışımı,,,,,,,
Söke Tam Buğday Un Karışımı 500 G,,https://www.migros.com.tr/soke-tam-bugday-un-karisimi-500-g-p-4c8d3e,Temel Gıda,Un,Un Karışımı,,,,,,,
Eriş Un Baklavalık Böreklik Buğday Unu 2 Kg,,https://www.migros.com.tr/eris-un-baklavalik-boreklik-bugday-unu-2-kg-p-4c8d51,Temel Gıda,Un,Un Karışımı,,,,,,,
Doğalsan Yulaf Unu 1 Kg,,https://www.migros.com.tr/dogalsan-yulaf-unu-1-kg-p-4c8d30,Temel Gıda,Un,Un Karışımı,,,,,,,
Oneva Hindistan Cevizi Unu 200 G,,https://www.migros.com.tr/oneva-hindistan-cevizi-unu-200-g-p-4c72b7,Temel Gıda,Un,Un Karışımı,,,,,,,
Söke Kepek Unu 1 Kg,,https://www.migros.com.tr/soke-kepek-unu-1-kg-p-4c73f9,Temel Gıda,Un,Un Karışımı,,,,,,,
Doğalsan Çavdar Unu 1 Kg,,https://www.migros.com.tr/dogalsan-cavdar-unu-1-kg-p-4c8d31,Temel Gıda,Un,Un Karışımı,,,,,,,
Doğalsan Humus Nohut Unu 500 G,,https://www.migros.com.tr/dogalsan-humus-nohut-unu-500-g-p-4c8cfc,Temel Gıda,Un,Un Karışımı,,,,,,,
Söke Köy Ekmeği Karışımı 500 G,,https://www.migros.com.tr/soke-koy-ekmegi-karisimi-500-g-p-4c8d3c,Temel Gıda,Un,Un Karışımı,,,,,,,
Sinangil Çavdar Unu 1 Kg,,https://www.migros.com.tr/sinangil-cavdar-unu-1-kg-p-4c7268,Temel Gıda,Un,Un Karışımı,,,,,,,
Nora Mor Un 500 G,,https://www.migros.com.tr/nora-mor-un-500-g-p-4c7261,Temel Gıda,Un,Un Karışımı,,,,,,,
Söke Sarı Un 1 Kg,,https://www.migros.com.tr/soke-sari-un-1-kg-p-4c725d,Temel Gıda,Un,Un Karışımı,,,,,,,
Söke Tam Çavdar Unu 1 Kg,,https://www.migros.com.tr/soke-tam-cavdar-unu-1-kg-p-4c7259,Temel Gıda,Un,Un Karışımı,,,,,,,
İstiklal Yolu Garikli Unu 500G,,https://www.migros.com.tr/istiklal-yolu-garikli-unu-500g-p-4c72c6,Temel Gıda,Un,Un Karışımı,,,,,,,
Sinangil Çavdarlı Un Karışımı 500 G,,https://www.migros.com.tr/sinangil-cavdarli-un-karisimi-500-g-p-4c7264,Temel Gıda,Un,Un Karışımı,,,,,,,
Sinangil Tahıllı Un Karışımı 500 G,,https://www.migros.com.tr/sinangil-tahilli-un-karisimi-500-g-p-4c7265,Temel Gıda,Un,Un Karışımı,,,,,,,
Sinangil Yulaf Unu 1 Kg,,https://www.migros.com.tr/sinangil-yulaf-unu-1-kg-p-4c7267,Temel Gıda,Un,Un Karışımı,,,,,,,
Sinangil Kepekli Un 1 Kg,,https://www.migros.com.tr/sinangil-kepekli-un-1-kg-p-4c8c4e,Temel Gıda,Un,Un Karışımı,,,,,,,
Bağdat Galeta Unu 250 G,,https://www.migros.com.tr/bagdat-galeta-unu-250-g-p-4d5c47,Temel Gıda,Un,Galeta Unu,,,,,,,
İnci Galeta Unu 400G,,https://www.migros.com.tr/inci-galeta-unu-400g-p-4c7263,Temel Gıda,Un,Galeta Unu,,,,,,,
Migros Mısır Unu 250 G,,https://www.migros.com.tr/migros-misir-unu-250-g-p-4c8d34,Temel Gıda,Un,Mısır Unu,,,,,,,
Bağdat Mısır Unu 250 G,,https://www.migros.com.tr/bagdat-misir-unu-250-g-p-4c85e3,Temel Gıda,Un,Mısır Unu,,,,,,,
Bünsa Mısır Unu 400 G,,https://www.migros.com.tr/bunsa-misir-unu-400-g-p-4c85d8,Temel Gıda,Un,Mısır Unu,,,,,,,
İnci Mısır Unu 400 G,,https://www.migros.com.tr/inci-misir-unu-400-g-p-4c7262,Temel Gıda,Un,Mısır Unu,,,,,,,
Filiz Fiyonk Makarna 500 G,Cavatappi,https://www.migros.com.tr/filiz-fiyonk-makarna-500-g-p-4cc1d2,Temel Gıda,Makarna,Normal Makarna,,,,,,,
Pastavilla Spaghetti Makarna 500 G,Cavatappi,https://www.migros.com.tr/pastavilla-spaghetti-makarna-500-g-p-4cc334,Temel Gıda,Makarna,Normal Makarna,,,,,,,
Pastavilla Burgu Makarna 500 G,Burgu/Fusuli,https://www.migros.com.tr/pastavilla-burgu-makarna-500-g-p-4cc337,Temel Gıda,Makarna,Normal Makarna,,,,,,,
Filiz Boncuk Makarna 500 G,Boncuk,https://www.migros.com.tr/filiz-boncuk-makarna-500-g-p-4cc1cf,Temel Gıda,Makarna,Normal Makarna,,,,,,,
Filiz Burgu Makarna 500 G,Burgu/Fusuli,https://www.migros.com.tr/filiz-burgu-makarna-500-g-p-4cc1d0,Temel Gıda,Makarna,Normal Makarna,,,,,,,
Filiz Spagetti (Çubuk) Makarna 500 G,Cavatappi,https://www.migros.com.tr/filiz-spagetti-cubuk-makarna-500-g-p-4cc1d4,Temel Gıda,Makarna,Normal Makarna,,,,,,,
Pastavilla Kalem Makarna 500 G,Cavatappi,https://www.migros.com.tr/pastavilla-kalem-makarna-500-g-p-4cc33a,Temel Gıda,Makarna,Normal Makarna,,,,,,,
Filiz Kalem Makarna 500 G,Cavatappi,https://www.migros.com.tr/filiz-kalem-makarna-500-g-p-4cc1d8,Temel Gıda,Makarna,Normal Makarna,,,,,,,
Barilla Fusilli (Burgu) Makarna 500 G,Burgu/Fusuli,https://www.migros.com.tr/barilla-fusilli-burgu-makarna-500-g-p-4cc1c4,Temel Gıda,Makarna,Normal Makarna,,,,,,,
Pastavilla Kelebek Makarna 500 G,Cavatappi,https://www.migros.com.tr/pastavilla-kelebek-makarna-500-g-p-4cc336,Temel Gıda,Makarna,Normal Makarna,,,,,,,
Nuh'un Ankara Boncuk Makarna 500 G,Boncuk,https://www.migros.com.tr/nuhun-ankara-boncuk-makarna-500-g-p-4cc147,Temel Gıda,Makarna,Normal Makarna,,,,,,,
Filiz Arpa Şehriye 500 G,Cavatappi,https://www.migros.com.tr/filiz-arpa-sehriye-500-g-p-4cc1d5,Temel Gıda,Makarna,Normal Makarna,,,,,,,
Barilla Spagetti (Spaghetti) Makarna No:5 500 G,Cavatappi,https://www.migros.com.tr/barilla-spagetti-spaghetti-makarna-no5-500-g-p-4cc1c8,Temel Gıda,Makarna,Normal Makarna,,,,,,,
Filiz Tel Şehriye 500 G,Cavatappi,https://www.migros.com.tr/filiz-tel-sehriye-500-g-p-4cc1d6,Temel Gıda,Makarna,Normal Makarna,,,,,,,
Migros Spagetti Makarna 500 G,Cavatappi,https://www.migros.com.tr/migros-spagetti-makarna-500-g-p-4cc128,Temel Gıda,Makarna,Normal Makarna,,,,,,,
Arbella Kelebek Makarna 500 G,Cavatappi,https://www.migros.com.tr/arbella-kelebek-makarna-500-g-p-4ce4da,Temel Gıda,Makarna,Normal Makarna,,,,,,,
Nuh'Un Ankara Spagetti Makarna 500 G,Cavatappi,https://www.migros.com.tr/nuhun-ankara-spagetti-makarna-500-g-p-4cc140,Temel Gıda,Makarna,Normal Makarna,,,,,,,
Migros Arpa Şehriye 500 G,Cavatappi,https://www.migros.com.tr/migros-arpa-sehriye-500-g-p-4cc12b,Temel Gıda,Makarna,Normal Makarna,,,,,,,
Filiz Yüksük Makarna 500 G,Cavatappi,https://www.migros.com.tr/filiz-yuksuk-makarna-500-g-p-4cc1d7,Temel Gıda,Makarna,Normal Makarna,,,,,,,
Barilla Mini Midye Makarna (Conchiglie Rigate) 500 G,Cavatappi,https://www.migros.com.tr/barilla-mini-midye-makarna-conchiglie-rigate-500-g-p-4cc1ca,Temel Gıda,Makarna,Normal Makarna,,,,,,,
Pastavilla Mantı Makarna 500 G,Cavatappi,https://www.migros.com.tr/pastavilla-manti-makarna-500-g-p-4cc32d,Temel Gıda,Makarna,Normal Makarna,,,,,,,
Filiz Yassı Spagetti Makarna 500 G,Cavatappi,https://www.migros.com.tr/filiz-yassi-spagetti-makarna-500-g-p-4cc1db,Temel Gıda,Makarna,Normal Makarna,,,,,,,
Migros Tel Şehriye 500 G,Cavatappi,https://www.migros.com.tr/migros-tel-sehriye-500-g-p-4cc12a,Temel Gıda,Makarna,Normal Makarna,,,,,,,
Barilla Linguine (Yassı) Spagetti Makarna No.13 500 G,Cavatappi,https://www.migros.com.tr/barilla-linguine-yassi-spagetti-makarna-no13-500-g-p-4cc1cd,Temel Gıda,Makarna,Normal Makarna,,,,,,,
Nuh'un Ankara Burgu Makarna 500 G,Burgu/Fusuli,https://www.migros.com.tr/nuhun-ankara-burgu-makarna-500-g-p-4cc143,Temel Gıda,Makarna,Normal Makarna,,,,,,,
Barilla Penne Rigate (Kalem) Makarna 500 G,Cavatappi,https://www.migros.com.tr/barilla-penne-rigate-kalem-makarna-500-g-p-4cc1c6,Temel Gıda,Makarna,Normal Makarna,,,,,,,
Filiz Kelebek Makarna 500 G,Cavatappi,https://www.migros.com.tr/filiz-kelebek-makarna-500-g-p-4cc1dc,Temel Gıda,Makarna,Normal Makarna,,,,,,,
Veronelli Burgu Makarna 500 G,Burgu/Fusuli,https://www.migros.com.tr/veronelli-burgu-makarna-500-g-p-4cc171,Temel Gıda,Makarna,Normal Makarna,,,,,,,
Barilla Pipette (Bukle) Makarna 500 G,Bukle,https://www.migros.com.tr/barilla-pipette-bukle-makarna-500-g-p-4cc1c9,Temel Gıda,Makarna,Normal Makarna,,,,,,,
Nuh'un Ankara Arpa Şehriye 500 G,Cavatappi,https://www.migros.com.tr/nuhun-ankara-arpa-sehriye-500-g-p-4cc13f,Temel Gıda,Makarna,Normal Makarna,,,,,,,
Filiz Fiyonk Makarna 500 G,Cavatappi,https://www.migros.com.tr/filiz-fiyonk-makarna-500-g-p-4cc1d2,Temel Gıda,Makarna,Normal Makarna,,,,,,,
Pastavilla Spaghetti Makarna 500 G,Cavatappi,https://www.migros.com.tr/pastavilla-spaghetti-makarna-500-g-p-4cc334,Temel Gıda,Makarna,Normal Makarna,,,,,,,
Pastavilla Burgu Makarna 500 G,Burgu/Fusuli,https://www.migros.com.tr/pastavilla-burgu-makarna-500-g-p-4cc337,Temel Gıda,Makarna,Normal Makarna,,,,,,,
Filiz Boncuk Makarna 500 G,Boncuk,https://www.migros.com.tr/filiz-boncuk-makarna-500-g-p-4cc1cf,Temel Gıda,Makarna,Normal Makarna,,,,,,,
Filiz Burgu Makarna 500 G,Burgu/Fusuli,https://www.migros.com.tr/filiz-burgu-makarna-500-g-p-4cc1d0,Temel Gıda,Makarna,Normal Makarna,,,,,,,
Filiz Spagetti (Çubuk) Makarna 500 G,Cavatappi,https://www.migros.com.tr/filiz-spagetti-cubuk-makarna-500-g-p-4cc1d4,Temel Gıda,Makarna,Normal Makarna,,,,,,,
Pastavilla Kalem Makarna 500 G,Cavatappi,https://www.migros.com.tr/pastavilla-kalem-makarna-500-g-p-4cc33a,Temel Gıda,Makarna,Normal Makarna,,,,,,,
Filiz Kalem Makarna 500 G,Cavatappi,https://www.migros.com.tr/filiz-kalem-makarna-500-g-p-4cc1d8,Temel Gıda,Makarna,Normal Makarna,,,,,,,
Barilla Fusilli (Burgu) Makarna 500 G,Burgu/Fusuli,https://www.migros.com.tr/barilla-fusilli-burgu-makarna-500-g-p-4cc1c4,Temel Gıda,Makarna,Normal Makarna,,,,,,,
Pastavilla Kelebek Makarna 500 G,Cavatappi,https://www.migros.com.tr/pastavilla-kelebek-makarna-500-g-p-4cc336,Temel Gıda,Makarna,Normal Makarna,,,,,,,
Nuh'un Ankara Boncuk Makarna 500 G,Boncuk,https://www.migros.com.tr/nuhun-ankara-boncuk-makarna-500-g-p-4cc147,Temel Gıda,Makarna,Normal Makarna,,,,,,,
Filiz Arpa Şehriye 500 G,Cavatappi,https://www.migros.com.tr/filiz-arpa-sehriye-500-g-p-4cc1d5,Temel Gıda,Makarna,Normal Makarna,,,,,,,
Barilla Spagetti (Spaghetti) Makarna No:5 500 G,Cavatappi,https://www.migros.com.tr/barilla-spagetti-spaghetti-makarna-no5-500-g-p-4cc1c8,Temel Gıda,Makarna,Normal Makarna,,,,,,,
Filiz Tel Şehriye 500 G,Cavatappi,https://www.migros.com.tr/filiz-tel-sehriye-500-g-p-4cc1d6,Temel Gıda,Makarna,Normal Makarna,,,,,,,
Migros Spagetti Makarna 500 G,Cavatappi,https://www.migros.com.tr/migros-spagetti-makarna-500-g-p-4cc128,Temel Gıda,Makarna,Normal Makarna,,,,,,,
Arbella Kelebek Makarna 500 G,Cavatappi,https://www.migros.com.tr/arbella-kelebek-makarna-500-g-p-4ce4da,Temel Gıda,Makarna,Normal Makarna,,,,,,,
Nuh'Un Ankara Spagetti Makarna 500 G,Cavatappi,https://www.migros.com.tr/nuhun-ankara-spagetti-makarna-500-g-p-4cc140,Temel Gıda,Makarna,Normal Makarna,,,,,,,
Migros Arpa Şehriye 500 G,Cavatappi,https://www.migros.com.tr/migros-arpa-sehriye-500-g-p-4cc12b,Temel Gıda,Makarna,Normal Makarna,,,,,,,
Filiz Yüksük Makarna 500 G,Cavatappi,https://www.migros.com.tr/filiz-yuksuk-makarna-500-g-p-4cc1d7,Temel Gıda,Makarna,Normal Makarna,,,,,,,
Barilla Mini Midye Makarna (Conchiglie Rigate) 500 G,Cavatappi,https://www.migros.com.tr/barilla-mini-midye-makarna-conchiglie-rigate-500-g-p-4cc1ca,Temel Gıda,Makarna,Normal Makarna,,,,,,,
Pastavilla Mantı Makarna 500 G,Cavatappi,https://www.migros.com.tr/pastavilla-manti-makarna-500-g-p-4cc32d,Temel Gıda,Makarna,Normal Makarna,,,,,,,
Filiz Yassı Spagetti Makarna 500 G,Cavatappi,https://www.migros.com.tr/filiz-yassi-spagetti-makarna-500-g-p-4cc1db,Temel Gıda,Makarna,Normal Makarna,,,,,,,
Migros Tel Şehriye 500 G,Cavatappi,https://www.migros.com.tr/migros-tel-sehriye-500-g-p-4cc12a,Temel Gıda,Makarna,Normal Makarna,,,,,,,
Barilla Linguine (Yassı) Spagetti Makarna No.13 500 G,Cavatappi,https://www.migros.com.tr/barilla-linguine-yassi-spagetti-makarna-no13-500-g-p-4cc1cd,Temel Gıda,Makarna,Normal Makarna,,,,,,,
Nuh'un Ankara Burgu Makarna 500 G,Burgu/Fusuli,https://www.migros.com.tr/nuhun-ankara-burgu-makarna-500-g-p-4cc143,Temel Gıda,Makarna,Normal Makarna,,,,,,,
Barilla Penne Rigate (Kalem) Makarna 500 G,Cavatappi,https://www.migros.com.tr/barilla-penne-rigate-kalem-makarna-500-g-p-4cc1c6,Temel Gıda,Makarna,Normal Makarna,,,,,,,
Filiz Kelebek Makarna 500 G,Cavatappi,https://www.migros.com.tr/filiz-kelebek-makarna-500-g-p-4cc1dc,Temel Gıda,Makarna,Normal Makarna,,,,,,,
Veronelli Burgu Makarna 500 G,Burgu/Fusuli,https://www.migros.com.tr/veronelli-burgu-makarna-500-g-p-4cc171,Temel Gıda,Makarna,Normal Makarna,,,,,,,
Barilla Pipette (Bukle) Makarna 500 G,Bukle,https://www.migros.com.tr/barilla-pipette-bukle-makarna-500-g-p-4cc1c9,Temel Gıda,Makarna,Normal Makarna,,,,,,,
Nuh'un Ankara Arpa Şehriye 500 G,Cavatappi,https://www.migros.com.tr/nuhun-ankara-arpa-sehriye-500-g-p-4cc13f,Temel Gıda,Makarna,Normal Makarna,,,,,,,
Barilla Arpa Şehriye (Risoni) 500 G,Şehriye,https://www.migros.com.tr/barilla-arpa-sehriye-risoni-500-g-p-4cc1cc,Temel Gıda,Makarna,Normal Makarna,,,,,,,
Filiz Kuskus Makarna 500 G,Kuskus,https://www.migros.com.tr/filiz-kuskus-makarna-500-g-p-4cc1ce,Temel Gıda,Makarna,Normal Makarna,,,,,,,
Barilla Deniz Kabuğu (Gnocchetti) Makarna 500 G,Deniz Kabuğu,https://www.migros.com.tr/barilla-deniz-kabugu-gnocchetti-makarna-500-g-p-4cc1c5,Temel Gıda,Makarna,Normal Makarna,,,,,,,
Barilla Farfalle - Mini Kelebek 500 G,Kelebek/Farfalle,https://www.migros.com.tr/barilla-farfalle-mini-kelebek-500-g-p-4cc1cb,Temel Gıda,Makarna,Normal Makarna,,,,,,,
Filiz Erişte 500 G,Erişte,https://www.migros.com.tr/filiz-eriste-500-g-p-4cc1df,Temel Gıda,Makarna,Normal Makarna,,,,,,,
Pastavilla Linguine Makarna 500 G,,https://www.migros.com.tr/pastavilla-linguine-makarna-500-g-p-4cc356,Temel Gıda,Makarna,Normal Makarna,,,,,,,
Barilla Tam Buğday Burgu Makarna (Integrale Fusilli) 400 G,Burgu/Fusuli,https://www.migros.com.tr/barilla-tam-bugday-burgu-makarna-integrale-fusilli-400-g-p-4cc1b7,Temel Gıda,Makarna,Normal Makarna,,,,,,,
Filiz Sebzeli Burgu Makarna 350 G,Burgu/Fusuli,https://www.migros.com.tr/filiz-sebzeli-burgu-makarna-350-g-p-4ce52d,Temel Gıda,Makarna,Normal Makarna,,,,,,,
Nuh'un Ankara Yüksük Kesme Makarna 500 G,,https://www.migros.com.tr/nuhun-ankara-yuksuk-kesme-makarna-500-g-p-4cc144,Temel Gıda,Makarna,Normal Makarna,,,,,,,
Veronelli Spaghetti Makarna 500 G,,https://www.migros.com.tr/veronelli-spaghetti-makarna-500-g-p-4cc173,Temel Gıda,Makarna,Normal Makarna,,,,,,,
Pastavilla Tel Şehriye 500 G,Şehriye,https://www.migros.com.tr/pastavilla-tel-sehriye-500-g-p-4cc332,Temel Gıda,Makarna,Normal Makarna,,,,,,,
Nuh'un Ankara Tel Şehriye 500 G,Şehriye,https://www.migros.com.tr/nuhun-ankara-tel-sehriye-500-g-p-4cc13e,Temel Gıda,Makarna,Normal Makarna,,,,,,,
Filiz Yumurtalı Bukle Makarna 350 G,Bukle,https://www.migros.com.tr/filiz-yumurtali-bukle-makarna-350-g-p-4ce52c,Temel Gıda,Makarna,Normal Makarna,,,,,,,
Veronelli Arpa Şehriye 500 G,Şehriye,https://www.migros.com.tr/veronelli-arpa-sehriye-500-g-p-4cc175,Temel Gıda,Makarna,Normal Makarna,,,,,,,
Pastavilla Arpa Şehriye 500 G,Şehriye,https://www.migros.com.tr/pastavilla-arpa-sehriye-500-g-p-4cc333,Temel Gıda,Makarna,Normal Makarna,,,,,,,
Nuh'un Ankara Mantı Makarna 500 G,Mantı/Midye,https://www.migros.com.tr/nuhun-ankara-manti-makarna-500-g-p-4cc139,Temel Gıda,Makarna,Normal Makarna,,,,,,,
Pastavilla Dirsek Makarna 500 G,Bukle,https://www.migros.com.tr/pastavilla-dirsek-makarna-500-g-p-4cc346,Temel Gıda,Makarna,Normal Makarna,,,,,,,
Filiz İnce Uzun Makarna 500 G,Rigatoni,https://www.migros.com.tr/filiz-ince-uzun-makarna-500-g-p-4cc1d3,Temel Gıda,Makarna,Normal Makarna,,,,,,,
Nuh'un Ankara Fiyonk 500 G,Fiyonk,https://www.migros.com.tr/nuhun-ankara-fiyonk-500-g-p-4cc142,Temel Gıda,Makarna,Normal Makarna,,,,,,,
Filiz Yumurtalı Uzun Erişte Makarna 350 G,Erişte,https://www.migros.com.tr/filiz-yumurtali-uzun-eriste-makarna-350-g-p-4ce52b,Temel Gıda,Makarna,Normal Makarna,,,,,,,
Nuh'un Ankara İnce Uzun Makarna 500 G,Rigatoni,https://www.migros.com.tr/nuhun-ankara-ince-uzun-makarna-500-g-p-4cc146,Temel Gıda,Makarna,Normal Makarna,,,,,,,
Veronelli Penne Makarna 500 G,Penne,https://www.migros.com.tr/veronelli-penne-makarna-500-g-p-4cc170,Temel Gıda,Makarna,Normal Makarna,,,,,,,
Mutlu Spaghetti Makarna 500 G,,https://www.migros.com.tr/mutlu-spaghetti-makarna-500-g-p-4ce57b,Temel Gıda,Makarna,Normal Makarna,,,,,,,
Filiz Fırın Makarna 500 G,Fırın,https://www.migros.com.tr/filiz-firin-makarna-500-g-p-4cc1d1,Temel Gıda,Makarna,Normal Makarna,,,,,,,
Filiz Yıldız Şehriye 500 G,Şehriye,https://www.migros.com.tr/filiz-yildiz-sehriye-500-g-p-4cc1d9,Temel Gıda,Makarna,Normal Makarna,,,,,,,
Barilla Capellini (İnce Spagetti) Makarna No.1 500 G,,https://www.migros.com.tr/barilla-capellini-ince-spagetti-makarna-no1-500-g-p-4ce608,Temel Gıda,Makarna,Normal Makarna,,,,,,,
Nuh'un Ankara Kuskus Makarna 500 G,Kuskus,https://www.migros.com.tr/nuhun-ankara-kuskus-makarna-500-g-p-4cc13d,Temel Gıda,Makarna,Normal Makarna,,,,,,,
Arbella Tel Şehriye 500 G,Şehriye,https://www.migros.com.tr/arbella-tel-sehriye-500-g-p-4ce4df,Temel Gıda,Makarna,Normal Makarna,,,,,,,
Nuh'un Ankara Kelebek Makarna 500 G,Kelebek/Farfalle,https://www.migros.com.tr/nuhun-ankara-kelebek-makarna-500-g-p-4cc14a,Temel Gıda,Makarna,Normal Makarna,,,,,,,
Barilla Tam Buğday Kalem Makarna (Integrale Pennette Rigate) 400 G,Kalem,https://www.migros.com.tr/barilla-tam-bugday-kalem-makarna-integrale-pennette-rigate-400-g-p-4cc1b9,Temel Gıda,Makarna,Normal Makarna,,,,,,,
Filiz Yumurtalı Erişte 350 G,Erişte,https://www.migros.com.tr/filiz-yumurtali-eriste-350-g-p-4ce554,Temel Gıda,Makarna,Normal Makarna,,,,,,,
Pastavilla Kuskus Makarna 500 G,Kuskus,https://www.migros.com.tr/pastavilla-kuskus-makarna-500-g-p-4cc338,Temel Gıda,Makarna,Normal Makarna,,,,,,,
Mutlu İnce Uzun Makarna 500 G,,https://www.migros.com.tr/mutlu-ince-uzun-makarna-500-g-p-4cc0b5,Temel Gıda,Makarna,Normal Makarna,,,,,,,
Filiz Yumurtalı Kırpık Makarna 350 G,,https://www.migros.com.tr/filiz-yumurtali-kirpik-makarna-350-g-p-4ce553,Temel Gıda,Makarna,Normal Makarna,,,,,,,
Nuh'un Ankara Bukle Makarna 500 G,Bukle,https://www.migros.com.tr/nuhun-ankara-bukle-makarna-500-g-p-4cc149,Temel Gıda,Makarna,Normal Makarna,,,,,,,
Pastavilla Erişte Makarna 500 G,Erişte,https://www.migros.com.tr/pastavilla-eriste-makarna-500-g-p-4cc342,Temel Gıda,Makarna,Normal Makarna,,,,,,,
Mutlu Arpa Şehriye 500 G,Şehriye,https://www.migros.com.tr/mutlu-arpa-sehriye-500-g-p-4ce57a,Temel Gıda,Makarna,Normal Makarna,,,,,,,
Barilla Mantı Makarna (Pipe Rigate) 500 G,Mantı/Midye,https://www.migros.com.tr/barilla-manti-makarna-pipe-rigate-500-g-p-4ce5bf,Temel Gıda,Makarna,Normal Makarna,,,,,,,
Nuhun Ankara Sebzeli Nuhun Gemisi Makarna 350 G,,https://www.migros.com.tr/nuhun-ankara-sebzeli-nuhun-gemisi-makarna-350-g-p-4ce609,Temel Gıda,Makarna,Normal Makarna,,,,,,,
Mutlu Midye Makarna 500 G,Mantı/Midye,https://www.migros.com.tr/mutlu-midye-makarna-500-g-p-4cc102,Temel Gıda,Makarna,Normal Makarna,,,,,,,
Barilla Lazanya (Lasagne) Makarna 500 G,,https://www.migros.com.tr/barilla-lazanya-lasagne-makarna-500-g-p-4cc1ab,Temel Gıda,Makarna,Normal Makarna,,,,,,,
Barilla Tam Buğday Kelebek Makarna (Integrale Farfalle) 400 G,Kelebek/Farfalle,https://www.migros.com.tr/barilla-tam-bugday-kelebek-makarna-integrale-farfalle-400-g-p-4cc1b6,Temel Gıda,Makarna,Normal Makarna,,,,,,,
Mutlu Tel Şehriye 500 G,Şehriye,https://www.migros.com.tr/mutlu-tel-sehriye-500-g-p-4ce579,Temel Gıda,Makarna,Normal Makarna,,,,,,,
Barilla Tam Buğday Spagetti (Integrale Spaghetti) Makarna No.5 400 G,,https://www.migros.com.tr/barilla-tam-bugday-spagetti-integrale-spaghetti-makarna-no5-400-g-p-4cc1b8,Temel Gıda,Makarna,Normal Makarna,,,,,,,
Veronelli Rigatoni 500 G,Rigatoni,https://www.migros.com.tr/veronelli-rigatoni-500-g-p-4ce5e6,Temel Gıda,Makarna,Normal Makarna,,,,,,,
Nuh'un Ankara Fırın Makarna 500 G,Fırın,https://www.migros.com.tr/nuhun-ankara-firin-makarna-500-g-p-4cc148,Temel Gıda,Makarna,Normal Makarna,,,,,,,
Mutlu Mantı Makrna 500 G,Mantı/Midye,https://www.migros.com.tr/mutlu-manti-makrna-500-g-p-4cc103,Temel Gıda,Makarna,Normal Makarna,,,,,,,
Barilla Tortiglioni (Kalın Kesme) Makarna 500 G,,https://www.migros.com.tr/barilla-tortiglioni-kalin-kesme-makarna-500-g-p-4cc1c0,Temel Gıda,Makarna,Normal Makarna,,,,,,,
Nuh'un Ankara Erişte Makarna 500 G,Erişte,https://www.migros.com.tr/nuhun-ankara-eriste-makarna-500-g-p-4cc145,Temel Gıda,Makarna,Normal Makarna,,,,,,,
Nuh'Un Ankara Tam Buğday Spaghetti Makarna 500 G,,https://www.migros.com.tr/nuhun-ankara-tam-bugday-spaghetti-makarna-500-g-p-4ce5ef,Temel Gıda,Makarna,Normal Makarna,,,,,,,
Pastavilla Rigatoni Makarna 500 G,Rigatoni,https://www.migros.com.tr/pastavilla-rigatoni-makarna-500-g-p-4cc341,Temel Gıda,Makarna,Normal Makarna,,,,,,,
Nuhun Ankara Kepekli Burgu 350 G,Burgu/Fusuli,https://www.migros.com.tr/nuhun-ankara-kepekli-burgu-350-g-p-4ce60c,Temel Gıda,Makarna,Normal Makarna,,,,,,,
Arbella Gurme Bundle Spaghetti 400 G,,https://www.migros.com.tr/arbella-gurme-bundle-spaghetti-400-g-p-4cc487,Temel Gıda,Makarna,Normal Makarna,,,,,,,
Mutlu Erişte 500 G,Erişte,https://www.migros.com.tr/mutlu-eriste-500-g-p-4cc101,Temel Gıda,Makarna,Normal Makarna,,,,,,,
Barilla Tortellini Formaggi (3 Peynirli Dolgu) Makarna 250 G,,https://www.migros.com.tr/barilla-tortellini-formaggi-3-peynirli-dolgu-makarna-250-g-p-4cc1b5,Temel Gıda,Makarna,Normal Makarna,,,,,,,
Filiz Tam Buğday Burgu Makarna 350 G,Burgu/Fusuli,https://www.migros.com.tr/filiz-tam-bugday-burgu-makarna-350-g-p-4cc0fd,Temel Gıda,Makarna,Normal Makarna,,,,,,,
Nuhun Ankara Kepekli Spaghetti 350 G,,https://www.migros.com.tr/nuhun-ankara-kepekli-spaghetti-350-g-p-4ce60b,Temel Gıda,Makarna,Normal Makarna,,,,,,,
Mutlu Çarliston Makarna 500 G,,https://www.migros.com.tr/mutlu-carliston-makarna-500-g-p-4cc100,Temel Gıda,Makarna,Normal Makarna,,,,,,,
Pastavilla Junior Alfabe Makarna 500 G,,https://www.migros.com.tr/pastavilla-junior-alfabe-makarna-500-g-p-4cc361,Temel Gıda,Makarna,Normal Makarna,,,,,,,
Filiz Tam Buğday Kalem Makarna 350 G,Kalem,https://www.migros.com.tr/filiz-tam-bugday-kalem-makarna-350-g-p-4cc0fe,Temel Gıda,Makarna,Normal Makarna,,,,,,,
Filiz Yumurtalı Erişte 350 G,Erişte,https://www.migros.com.tr/filiz-yumurtali-eriste-350-g-p-4ce554,Temel Gıda,Makarna,Normal Makarna,,,,,,,
Pastavilla Kuskus Makarna 500 G,Kuskus,https://www.migros.com.tr/pastavilla-kuskus-makarna-500-g-p-4cc338,Temel Gıda,Makarna,Normal Makarna,,,,,,,
Mutlu İnce Uzun Makarna 500 G,,https://www.migros.com.tr/mutlu-ince-uzun-makarna-500-g-p-4cc0b5,Temel Gıda,Makarna,Normal Makarna,,,,,,,
Filiz Yumurtalı Kırpık Makarna 350 G,,https://www.migros.com.tr/filiz-yumurtali-kirpik-makarna-350-g-p-4ce553,Temel Gıda,Makarna,Normal Makarna,,,,,,,
Nuh'un Ankara Bukle Makarna 500 G,Bukle,https://www.migros.com.tr/nuhun-ankara-bukle-makarna-500-g-p-4cc149,Temel Gıda,Makarna,Normal Makarna,,,,,,,
Pastavilla Erişte Makarna 500 G,Erişte,https://www.migros.com.tr/pastavilla-eriste-makarna-500-g-p-4cc342,Temel Gıda,Makarna,Normal Makarna,,,,,,,
Mutlu Arpa Şehriye 500 G,Şehriye,https://www.migros.com.tr/mutlu-arpa-sehriye-500-g-p-4ce57a,Temel Gıda,Makarna,Normal Makarna,,,,,,,
Barilla Mantı Makarna (Pipe Rigate) 500 G,Mantı/Midye,https://www.migros.com.tr/barilla-manti-makarna-pipe-rigate-500-g-p-4ce5bf,Temel Gıda,Makarna,Normal Makarna,,,,,,,
Nuhun Ankara Sebzeli Nuhun Gemisi Makarna 350 G,,https://www.migros.com.tr/nuhun-ankara-sebzeli-nuhun-gemisi-makarna-350-g-p-4ce609,Temel Gıda,Makarna,Normal Makarna,,,,,,,
Mutlu Midye Makarna 500 G,Mantı/Midye,https://www.migros.com.tr/mutlu-midye-makarna-500-g-p-4cc102,Temel Gıda,Makarna,Normal Makarna,,,,,,,
Barilla Lazanya (Lasagne) Makarna 500 G,,https://www.migros.com.tr/barilla-lazanya-lasagne-makarna-500-g-p-4cc1ab,Temel Gıda,Makarna,Normal Makarna,,,,,,,
Barilla Tam Buğday Kelebek Makarna (Integrale Farfalle) 400 G,Kelebek/Farfalle,https://www.migros.com.tr/barilla-tam-bugday-kelebek-makarna-integrale-farfalle-400-g-p-4cc1b6,Temel Gıda,Makarna,Normal Makarna,,,,,,,
Mutlu Tel Şehriye 500 G,Şehriye,https://www.migros.com.tr/mutlu-tel-sehriye-500-g-p-4ce579,Temel Gıda,Makarna,Normal Makarna,,,,,,,
Barilla Tam Buğday Spagetti (Integrale Spaghetti) Makarna No.5 400 G,,https://www.migros.com.tr/barilla-tam-bugday-spagetti-integrale-spaghetti-makarna-no5-400-g-p-4cc1b8,Temel Gıda,Makarna,Normal Makarna,,,,,,,
Veronelli Rigatoni 500 G,Rigatoni,https://www.migros.com.tr/veronelli-rigatoni-500-g-p-4ce5e6,Temel Gıda,Makarna,Normal Makarna,,,,,,,
Nuh'un Ankara Fırın Makarna 500 G,Fırın,https://www.migros.com.tr/nuhun-ankara-firin-makarna-500-g-p-4cc148,Temel Gıda,Makarna,Normal Makarna,,,,,,,
Mutlu Mantı Makrna 500 G,Mantı/Midye,https://www.migros.com.tr/mutlu-manti-makrna-500-g-p-4cc103,Temel Gıda,Makarna,Normal Makarna,,,,,,,
Barilla Tortiglioni (Kalın Kesme) Makarna 500 G,,https://www.migros.com.tr/barilla-tortiglioni-kalin-kesme-makarna-500-g-p-4cc1c0,Temel Gıda,Makarna,Normal Makarna,,,,,,,
Nuh'un Ankara Erişte Makarna 500 G,Erişte,https://www.migros.com.tr/nuhun-ankara-eriste-makarna-500-g-p-4cc145,Temel Gıda,Makarna,Normal Makarna,,,,,,,
Nuh'Un Ankara Tam Buğday Spaghetti Makarna 500 G,,https://www.migros.com.tr/nuhun-ankara-tam-bugday-spaghetti-makarna-500-g-p-4ce5ef,Temel Gıda,Makarna,Normal Makarna,,,,,,,
Pastavilla Rigatoni Makarna 500 G,Rigatoni,https://www.migros.com.tr/pastavilla-rigatoni-makarna-500-g-p-4cc341,Temel Gıda,Makarna,Normal Makarna,,,,,,,
Nuhun Ankara Kepekli Burgu 350 G,Burgu/Fusuli,https://www.migros.com.tr/nuhun-ankara-kepekli-burgu-350-g-p-4ce60c,Temel Gıda,Makarna,Normal Makarna,,,,,,,
Arbella Gurme Bundle Spaghetti 400 G,,https://www.migros.com.tr/arbella-gurme-bundle-spaghetti-400-g-p-4cc487,Temel Gıda,Makarna,Normal Makarna,,,,,,,
Mutlu Erişte 500 G,Erişte,https://www.migros.com.tr/mutlu-eriste-500-g-p-4cc101,Temel Gıda,Makarna,Normal Makarna,,,,,,,
Barilla Tortellini Formaggi (3 Peynirli Dolgu) Makarna 250 G,,https://www.migros.com.tr/barilla-tortellini-formaggi-3-peynirli-dolgu-makarna-250-g-p-4cc1b5,Temel Gıda,Makarna,Normal Makarna,,,,,,,
Filiz Tam Buğday Burgu Makarna 350 G,Burgu/Fusuli,https://www.migros.com.tr/filiz-tam-bugday-burgu-makarna-350-g-p-4cc0fd,Temel Gıda,Makarna,Normal Makarna,,,,,,,
Nuhun Ankara Kepekli Spaghetti 350 G,,https://www.migros.com.tr/nuhun-ankara-kepekli-spaghetti-350-g-p-4ce60b,Temel Gıda,Makarna,Normal Makarna,,,,,,,
Mutlu Çarliston Makarna 500 G,,https://www.migros.com.tr/mutlu-carliston-makarna-500-g-p-4cc100,Temel Gıda,Makarna,Normal Makarna,,,,,,,
Pastavilla Junior Alfabe Makarna 500 G,,https://www.migros.com.tr/pastavilla-junior-alfabe-makarna-500-g-p-4cc361,Temel Gıda,Makarna,Normal Makarna,,,,,,,
Filiz Tam Buğday Kalem Makarna 350 G,Kalem,https://www.migros.com.tr/filiz-tam-bugday-kalem-makarna-350-g-p-4cc0fe,Temel Gıda,Makarna,Normal Makarna,,,,,,,
Indomie Köri Noodle 75 G,Noodle,https://www.migros.com.tr/indomie-kori-noodle-75-g-p-4ce5d9,Temel Gıda,Makarna,Erişte,,,,,,,
Indomie Tavuk Noodle 70 G,Noodle,https://www.migros.com.tr/indomie-tavuk-noodle-70-g-p-4ce5dc,Temel Gıda,Makarna,Erişte,,,,,,,
Indomıe Special Noodle 75 G,Noodle,https://www.migros.com.tr/indomie-special-noodle-75-g-p-4ce5da,Temel Gıda,Makarna,Erişte,,,,,,,
Indomie Sebzeli Noodle 75 G,Noodle,https://www.migros.com.tr/indomie-sebzeli-noodle-75-g-p-4ce5db,Temel Gıda,Makarna,Erişte,,,,,,,
Indomie Köri Çeşnili Noodle 75 G x 5'li Paket,Noodle,https://www.migros.com.tr/indomie-kori-cesnili-noodle-75-g-x-5li-paket-p-4cc23d,Temel Gıda,Makarna,Erişte,,,,,,,
Indomie Tavuk Çeşnili Noodle 5'li Paket 70 G,Noodle,https://www.migros.com.tr/indomie-tavuk-cesnili-noodle-5li-paket-70-g-p-4cc23c,Temel Gıda,Makarna,Erişte,,,,,,,
Indomie Jumbo Tavuk Aromalı Hazır Noodle 120 G,Noodle,https://www.migros.com.tr/indomie-jumbo-tavuk-aromali-hazir-noodle-120-g-p-4ce23c,Temel Gıda,Makarna,Erişte,,,,,,,
Knorr Acılı Domatesli Çabuk Noodle 67 G,Noodle,https://www.migros.com.tr/knorr-acili-domatesli-cabuk-noodle-67-g-p-4cc0b1,Temel Gıda,Makarna,Erişte,,,,,,,
Indomie Gurme Soya Soslu Hazır Noodle 80 G,Noodle,https://www.migros.com.tr/indomie-gurme-soya-soslu-hazir-noodle-80-g-p-4ce23d,Temel Gıda,Makarna,Erişte,,,,,,,
Indomie Tavuk Çeşnili Noodle (Bardak) 60G,Noodle,https://www.migros.com.tr/indomie-tavuk-cesnili-noodle-bardak-60g-p-4ce5d6,Temel Gıda,Makarna,Erişte,,,,,,,
Knorr Tavuk Çeşnili Çabuk Noodle 66 G,Noodle,https://www.migros.com.tr/knorr-tavuk-cesnili-cabuk-noodle-66-g-p-4cc0b3,Temel Gıda,Makarna,Erişte,,,,,,,
Indomie Jumbo Sebzeli Hazır Noodle 120 G,Noodle,https://www.migros.com.tr/indomie-jumbo-sebzeli-hazir-noodle-120-g-p-4ce23b,Temel Gıda,Makarna,Erişte,,,,,,,
Indomie Gurme Acı Ve Baharatlı Hazır Noodle 80 G,Noodle,https://www.migros.com.tr/indomie-gurme-aci-ve-baharatli-hazir-noodle-80-g-p-4ce23f,Temel Gıda,Makarna,Erişte,,,,,,,
Knorr Sebzeli Et Çeşnili Çabuk Noodle 66 G,Noodle,https://www.migros.com.tr/knorr-sebzeli-et-cesnili-cabuk-noodle-66-g-p-4cc0b4,Temel Gıda,Makarna,Erişte,,,,,,,
Nudo Sade Kıvırcık Sofra Erişte 300 G,Erişte,https://www.migros.com.tr/nudo-sade-kivircik-sofra-eriste-300-g-p-4cc117,Temel Gıda,Makarna,Erişte,,,,,,,
Indomie Köri Çeşnili Noodle (Bardak) 60 G,Noodle,https://www.migros.com.tr/indomie-kori-cesnili-noodle-bardak-60-g-p-2be396b,Temel Gıda,Makarna,Erişte,,,,,,,
Knorr Çabuk Noodle Körili 66 G,Noodle,https://www.migros.com.tr/knorr-cabuk-noodle-korili-66-g-p-4cc0b2,Temel Gıda,Makarna,Erişte,,,,,,,
Mutlu Yumurtalı Kısa Erişte 350 G,Erişte,https://www.migros.com.tr/mutlu-yumurtali-kisa-eriste-350-g-p-4cc109,Temel Gıda,Makarna,Erişte,,,,,,,
Nudo Tavuk Çeşnili Noodle 60 G Bardak,Noodle,https://www.migros.com.tr/nudo-tavuk-cesnili-noodle-60-g-bardak-p-4cc122,Temel Gıda,Makarna,Erişte,,,,,,,
Anadolu Lezzetleri Trakya Erişte 500 G,Erişte,https://www.migros.com.tr/anadolu-lezzetleri-trakya-eriste-500-g-p-4cc0be,Temel Gıda,Makarna,Erişte,,,,,,,
Nudo Kıvırcık Sofra Erişte Yumurtalı 300 G,Erişte,https://www.migros.com.tr/nudo-kivircik-sofra-eriste-yumurtali-300-g-p-4cc116,Temel Gıda,Makarna,Erişte,,,,,,,
Nudo Geleneksel Noodle 60 G Bardak,Noodle,https://www.migros.com.tr/nudo-geleneksel-noodle-60-g-bardak-p-4cc11e,Temel Gıda,Makarna,Erişte,,,,,,,
Dudomi Körili Noodle 70 G x 5'li Paket,Noodle,https://www.migros.com.tr/dudomi-korili-noodle-70-g-x-5li-paket-p-4cc135,Temel Gıda,Makarna,Erişte,,,,,,,
Nudo Sebzeli Noodle Bardak 60 G,Noodle,https://www.migros.com.tr/nudo-sebzeli-noodle-bardak-60-g-p-4cc11a,Temel Gıda,Makarna,Erişte,,,,,,,
Gurmezade Yumurtalı Erişte 500 G,Erişte,https://www.migros.com.tr/gurmezade-yumurtali-eriste-500-g-p-4cc0ba,Temel Gıda,Makarna,Erişte,,,,,,,
Nudo Domatesli Noodle 60 G Bardak,Noodle,https://www.migros.com.tr/nudo-domatesli-noodle-60-g-bardak-p-4cc120,Temel Gıda,Makarna,Erişte,,,,,,,
Gurmezade Ispanaklı Erişte 500 G,Erişte,https://www.migros.com.tr/gurmezade-ispanakli-eriste-500-g-p-4cc0bb,Temel Gıda,Makarna,Erişte,,,,,,,
Nudo Körili Noodle 70 G Poşet,Noodle,https://www.migros.com.tr/nudo-korili-noodle-70-g-poset-p-4cc11b,Temel Gıda,Makarna,Erişte,,,,,,,
Nudo Tavuk Çeşnili Noodle 70 G Poşet,Noodle,https://www.migros.com.tr/nudo-tavuk-cesnili-noodle-70-g-poset-p-4cc121,Temel Gıda,Makarna,Erişte,,,,,,,
Gurmezade Domatesli Erişte 500 G,Erişte,https://www.migros.com.tr/gurmezade-domatesli-eriste-500-g-p-4cc0bd,Temel Gıda,Makarna,Erişte,,,,,,,
Nudo Domatesli Noodle 70 G Poşet,,https://www.migros.com.tr/nudo-domatesli-noodle-70-g-poset-p-4cc11f,Temel Gıda,Makarna,Erişte,,,,,,,
Dudomi Tavuk Çeşnili 70 G x 5'li Paket,,https://www.migros.com.tr/dudomi-tavuk-cesnili-70-g-x-5li-paket-p-4cc10d,Temel Gıda,Makarna,Erişte,,,,,,,
Dudomi Körili Noodle 60 G Bardak,,https://www.migros.com.tr/dudomi-korili-noodle-60-g-bardak-p-4cc0cc,Temel Gıda,Makarna,Erişte,,,,,,,
Dudomi Tavuk Çeşnili Noodle 60 G Bardak,,https://www.migros.com.tr/dudomi-tavuk-cesnili-noodle-60-g-bardak-p-4cc0cd,Temel Gıda,Makarna,Erişte,,,,,,,
Nudo Geleneksel Noodle 70 G Poşet,,https://www.migros.com.tr/nudo-geleneksel-noodle-70-g-poset-p-4cc11d,Temel Gıda,Makarna,Erişte,,,,,,,
Gurmezade Parmesanlı Erişte 500 G,Erişte,https://www.migros.com.tr/gurmezade-parmesanli-eriste-500-g-p-4cc10c,Temel Gıda,Makarna,Erişte,,,,,,,
Dudomi Tavuk Çeşnili Noodle 70G Poşet,,https://www.migros.com.tr/dudomi-tavuk-cesnili-noodle-70g-poset-p-4cc13a,Temel Gıda,Makarna,Erişte,,,,,,,
Nudo Körili Noodle 350G (5 x 70 G),,https://www.migros.com.tr/nudo-korili-noodle-350g-5-x-70-g-p-4cc123,Temel Gıda,Makarna,Erişte,,,,,,,
Dudomi Dana Etli Noodle 70G Poşet,,https://www.migros.com.tr/dudomi-dana-etli-noodle-70g-poset-p-4cc13b,Temel Gıda,Makarna,Erişte,,,,,,,
Nudo Sebzeli Noodle 70 G Poşet,,https://www.migros.com.tr/nudo-sebzeli-noodle-70-g-poset-p-4cc119,Temel Gıda,Makarna,Erişte,,,,,,,
Nudo Tavuk Çeşnili Noodle 350G (5x70g),Erişte,https://www.migros.com.tr/nudo-tavuk-cesnili-noodle-350g-5x70g-p-4cc12f,Temel Gıda,Makarna,Erişte,,,,,,,
Nudo Körili Noodle 60 G Bardak,,https://www.migros.com.tr/nudo-korili-noodle-60-g-bardak-p-4cc11c,Temel Gıda,Makarna,Erişte,,,,,,,
Indomie Sebze Çeşnili Noodle (Bardak) 60 G,,https://www.migros.com.tr/indomie-sebze-cesnili-noodle-bardak-60-g-p-2be396c,Temel Gıda,Makarna,Erişte,,,,,,,
Un Do Tre Ricotta Peynirli Ravioli 300 G,Ravioli,https://www.migros.com.tr/un-do-tre-ricotta-peynirli-ravioli-300-g-p-4cdd76,Temel Gıda,Makarna,Taze Makarna,,,,,,,
Un Do Tre Dana Etli Tortellini 300 G,Tortellini,https://www.migros.com.tr/un-do-tre-dana-etli-tortellini-300-g-p-4cdd78,Temel Gıda,Makarna,Taze Makarna,,,,,,,
Heinz Ketçap 700 G,,https://www.migros.com.tr/heinz-ketcap-700-g-p-f893a3,Temel Gıda,Sos,Ketçap,,,,,,,
Tat Ketçap 650 G,,https://www.migros.com.tr/tat-ketcap-650-g-p-f893c5,Temel Gıda,Sos,Ketçap,,,,,,,
Heinz Ketçap 460 G,,https://www.migros.com.tr/heinz-ketcap-460-g-p-f893a2,Temel Gıda,Sos,Ketçap,,,,,,,
Calve İkili Set Ketçap 400 G Mayonez 350 G,,https://www.migros.com.tr/calve-ikili-set-ketcap-400-g-mayonez-350-g-p-89b297,Temel Gıda,Sos,Ketçap,,,,,,,
Calve Ketçap 600 G,,https://www.migros.com.tr/calve-ketcap-600-g-p-89b2b7,Temel Gıda,Sos,Ketçap,,,,,,,
Heinz Ketçap 460 G + Mayonez 400 G İkili Set,,https://www.migros.com.tr/heinz-ketcap-460-g-mayonez-400-g-ikili-set-p-89b2eb,Temel Gıda,Sos,Ketçap,,,,,,,
Tat Sıkı Dostlar 1210 G (Ketçap 650 G-Mayonez 560 G),,https://www.migros.com.tr/tat-siki-dostlar-1210-g-ketcap-650-g-mayonez-560-g-p-f893cb,Temel Gıda,Sos,Ketçap,,,,,,,
Calve Ketçap 600 G + Light Mayonez 540 G 2'li Set,,https://www.migros.com.tr/calve-ketcap-600-g-light-mayonez-540-g-2li-set-p-89b2ba,Temel Gıda,Sos,Ketçap,,,,,,,
Calve Ketçap 400 G,,https://www.migros.com.tr/calve-ketcap-400-g-p-89b294,Temel Gıda,Sos,Ketçap,,,,,,,
Calve Acılı Ketçap 600 G + Light Mayonez 540 G 2'li Set,,https://www.migros.com.tr/calve-acili-ketcap-600-g-light-mayonez-540-g-2li-set-p-89b2bb,Temel Gıda,Sos,Ketçap,,,,,,,
Migros Ketçap 1000 G,,https://www.migros.com.tr/migros-ketcap-1000-g-p-89b369,Temel Gıda,Sos,Ketçap,,,,,,,
Tat Acı Ketçap 650 G,,https://www.migros.com.tr/tat-aci-ketcap-650-g-p-f893c1,Temel Gıda,Sos,Ketçap,,,,,,,
Heinz Ketçap 342 G,,https://www.migros.com.tr/heinz-ketcap-342-g-p-89b268,Temel Gıda,Sos,Ketçap,,,,,,,
Calve Acılı Ketçap 600 G,,https://www.migros.com.tr/calve-acili-ketcap-600-g-p-89b2b8,Temel Gıda,Sos,Ketçap,,,,,,,
Tukaş Ketçap 400 G,,https://www.migros.com.tr/tukas-ketcap-400-g-p-f892c9,Temel Gıda,Sos,Ketçap,,,,,,,
Calve Acılı Ketçap 400 G,,https://www.migros.com.tr/calve-acili-ketcap-400-g-p-89b296,Temel Gıda,Sos,Ketçap,,,,,,,
Tukaş Acılı Ketçap 400 Gr,,https://www.migros.com.tr/tukas-acili-ketcap-400-gr-p-f892ce,Temel Gıda,Sos,Ketçap,,,,,,,
Heinz %50 Az Tuzlu Az Şekerli Ketçap 435 G,,https://www.migros.com.tr/heinz-50-az-tuzlu-az-sekerli-ketcap-435-g-p-f893c0,Temel Gıda,Sos,Ketçap,,,,,,,
Tat Acı Ketçap 250 G,,https://www.migros.com.tr/tat-aci-ketcap-250-g-p-f893c3,Temel Gıda,Sos,Ketçap,,,,,,,
Tat Acılı Ketçap 390 G,,https://www.migros.com.tr/tat-acili-ketcap-390-g-p-89b350,Temel Gıda,Sos,Ketçap,,,,,,,
Migros Acılı Ketçap 1000G,,https://www.migros.com.tr/migros-acili-ketcap-1000g-p-89b36a,Temel Gıda,Sos,Ketçap,,,,,,,
Migros Ketçap 250 G,,https://www.migros.com.tr/migros-ketcap-250-g-p-89b36c,Temel Gıda,Sos,Ketçap,,,,,,,
Migros Acılı Ketçap 250 G,,https://www.migros.com.tr/migros-acili-ketcap-250-g-p-89b36b,Temel Gıda,Sos,Ketçap,,,,,,,
Tat Ketçap 250 G,,https://www.migros.com.tr/tat-ketcap-250-g-p-f893c6,Temel Gıda,Sos,Ketçap,,,,,,,
Tat Ketçap Tatlı 390 G,,https://www.migros.com.tr/tat-ketcap-tatli-390-g-p-89b34f,Temel Gıda,Sos,Ketçap,,,,,,,
Tat Sıkı Dostlar Ketçap 390 G+Mayonez 345 G 2'li Paket,,https://www.migros.com.tr/tat-siki-dostlar-ketcap-390-gmayonez-345-g-2li-paket-p-89b35a,Temel Gıda,Sos,Ketçap,,,,,,,
Heinz Cam Ketçap 342 G,,https://www.migros.com.tr/heinz-cam-ketcap-342-g-p-89b25d,Temel Gıda,Sos,Ketçap,,,,,,,
Heinz Sarımsaklı Ketçap 460 G,,https://www.migros.com.tr/heinz-sarimsakli-ketcap-460-g-p-89b340,Temel Gıda,Sos,Ketçap,,,,,,,
Heinz Acılı Ketçap 460 G,,https://www.migros.com.tr/heinz-acili-ketcap-460-g-p-89b33f,Temel Gıda,Sos,Ketçap,,,,,,,
Calve Mayonez Cam 500 G,,https://www.migros.com.tr/calve-mayonez-cam-500-g-p-f8b8b2,Temel Gıda,Sos,Mayonez,,,,,,,
Heinz Mayonez 610 G,,https://www.migros.com.tr/heinz-mayonez-610-g-p-89b2b5,Temel Gıda,Sos,Mayonez,,,,,,,
Calve Mayonez 540 G,,https://www.migros.com.tr/calve-mayonez-540-g-p-89b2b9,Temel Gıda,Sos,Mayonez,,,,,,,
Heinz Mayonez 400 G,,https://www.migros.com.tr/heinz-mayonez-400-g-p-89b2dc,Temel Gıda,Sos,Mayonez,,,,,,,
Calve Sarımsaklı Mayonez 245 G,,https://www.migros.com.tr/calve-sarimsakli-mayonez-245-g-p-f8b9ff,Temel Gıda,Sos,Mayonez,,,,,,,
Tat Mayonez 330 G,,https://www.migros.com.tr/tat-mayonez-330-g-p-f8ba07,Temel Gıda,Sos,Mayonez,,,,,,,
Calve Mayonez 350 G,,https://www.migros.com.tr/calve-mayonez-350-g-p-89b292,Temel Gıda,Sos,Mayonez,,,,,,,
Heinz Acılı Mayonez 405 G,,https://www.migros.com.tr/heinz-acili-mayonez-405-g-p-89b2e4,Temel Gıda,Sos,Mayonez,,,,,,,
Tat Mayonez 550 G,,https://www.migros.com.tr/tat-mayonez-550-g-p-f8ba06,Temel Gıda,Sos,Mayonez,,,,,,,
Migros Mayonez 840 Gr,,https://www.migros.com.tr/migros-mayonez-840-gr-p-89b36d,Temel Gıda,Sos,Mayonez,,,,,,,
Tat Sarımsaklı Mayonez 205 G,,https://www.migros.com.tr/tat-sarimsakli-mayonez-205-g-p-f8ba05,Temel Gıda,Sos,Mayonez,,,,,,,
Heinz Mayonez Light 420G,,https://www.migros.com.tr/heinz-mayonez-light-420g-p-89b2db,Temel Gıda,Sos,Mayonez,,,,,,,
Tat Mayonez 205 G,,https://www.migros.com.tr/tat-mayonez-205-g-p-f8ba08,Temel Gıda,Sos,Mayonez,,,,,,,
Heinz Sarımsaklı Mayonez 400 G,,https://www.migros.com.tr/heinz-sarimsakli-mayonez-400-g-p-89b2e5,Temel Gıda,Sos,Mayonez,,,,,,,
Tat Mayonez 500 G ( Cam ),,https://www.migros.com.tr/tat-mayonez-500-g-cam-p-f8b7e7,Temel Gıda,Sos,Mayonez,,,,,,,
Pınar Mayonez Kavanoz 300 G,,https://www.migros.com.tr/pinar-mayonez-kavanoz-300-g-p-89b742,Temel Gıda,Sos,Mayonez,,,,,,,
Calve Hafif Bi' Mayonez 355 G,,https://www.migros.com.tr/calve-hafif-bi-mayonez-355-g-p-89b741,Temel Gıda,Sos,Mayonez,,,,,,,
Pınar Mayonez Light Kavanoz 300 G,,https://www.migros.com.tr/pinar-mayonez-light-kavanoz-300-g-p-89b743,Temel Gıda,Sos,Mayonez,,,,,,,
Tat Ganitür 550 G & Mayonez 500 G,,https://www.migros.com.tr/tat-ganitur-550-g-mayonez-500-g-p-89b749,Temel Gıda,Sos,Mayonez,,,,,,,
Migros Mayonez 220 G,,https://www.migros.com.tr/migros-mayonez-220-g-p-89b36e,Temel Gıda,Sos,Mayonez,,,,,,,
Migros Elma Sirkesi 750 Ml,,https://www.migros.com.tr/migros-elma-sirkesi-750-ml-p-5c16b6,Temel Gıda,Sos,Sirke,,,,,,,
Migros Üzüm Sirkesi 2000 Ml,,https://www.migros.com.tr/migros-uzum-sirkesi-2000-ml-p-5c16c6,Temel Gıda,Sos,Sirke,,,,,,,
Migros Beyaz Sirke 1000 Ml,,https://www.migros.com.tr/migros-beyaz-sirke-1000-ml-p-89dff2,Temel Gıda,Sos,Sirke,,,,,,,
Migros Üzüm Sirkesi 750 Ml,,https://www.migros.com.tr/migros-uzum-sirkesi-750-ml-p-5c16b8,Temel Gıda,Sos,Sirke,,,,,,,
Ferfresh Beyaz Sirke 2 L,,https://www.migros.com.tr/ferfresh-beyaz-sirke-2-l-p-89e01a,Temel Gıda,Sos,Sirke,,,,,,,
Kühne Beyaz Sirke 2 L,,https://www.migros.com.tr/kuhne-beyaz-sirke-2-l-p-2be4cf9,Temel Gıda,Sos,Sirke,,,,,,,
Kühne Elma Sirkesi 500 Ml,,https://www.migros.com.tr/kuhne-elma-sirkesi-500-ml-p-5c07cf,Temel Gıda,Sos,Sirke,,,,,,,
Fersan Detox Doğal Sirke Analı Elma Sirkesi 500Ml,,https://www.migros.com.tr/fersan-detox-dogal-sirke-anali-elma-sirkesi-500ml-p-8ae2e1,Temel Gıda,Sos,Sirke,,,,,,,
Fersan Elma Sirkesi 500 Ml,,https://www.migros.com.tr/fersan-elma-sirkesi-500-ml-p-5c1663,Temel Gıda,Sos,Sirke,,,,,,,
Kühne Beyaz Sirke 1000 Ml,,https://www.migros.com.tr/kuhne-beyaz-sirke-1000-ml-p-5c16d6,Temel Gıda,Sos,Sirke,,,,,,,
Tariş Üzüm Sirkesi 1 L,,https://www.migros.com.tr/taris-uzum-sirkesi-1-l-p-5c164f,Temel Gıda,Sos,Sirke,,,,,,,
Kühne Üzüm Sirkesi 500 Ml,,https://www.migros.com.tr/kuhne-uzum-sirkesi-500-ml-p-5c07ce,Temel Gıda,Sos,Sirke,,,,,,,
Doğanay Üzüm Sirkesi Pet 500 Ml,,https://www.migros.com.tr/doganay-uzum-sirkesi-pet-500-ml-p-5c1655,Temel Gıda,Sos,Sirke,,,,,,,
Migros Beyaz Sirke 2000ml,,https://www.migros.com.tr/migros-beyaz-sirke-2000ml-p-89b360,Temel Gıda,Sos,Sirke,,,,,,,
Fersan Üzüm Sirke 2 L,,https://www.migros.com.tr/fersan-uzum-sirke-2-l-p-5c0701,Temel Gıda,Sos,Sirke,,,,,,,
Fersan Üzüm Sirkesi 1000 Ml,,https://www.migros.com.tr/fersan-uzum-sirkesi-1000-ml-p-5c1662,Temel Gıda,Sos,Sirke,,,,,,,
Fersan Elma Sirkesi 1000 Ml,,https://www.migros.com.tr/fersan-elma-sirkesi-1000-ml-p-5c1664,Temel Gıda,Sos,Sirke,,,,,,,
Fersan Elma Sirkesi Cam Şişe 500 Ml,,https://www.migros.com.tr/fersan-elma-sirkesi-cam-sise-500-ml-p-5c06fe,Temel Gıda,Sos,Sirke,,,,,,,
Kuhne Elma Sirkesi 1000 Ml ( Pet Şişe ),,https://www.migros.com.tr/kuhne-elma-sirkesi-1000-ml-pet-sise-p-5c07de,Temel Gıda,Sos,Sirke,,,,,,,
Kühne Üzüm Sirkesi 2 L Pet Şişe,,https://www.migros.com.tr/kuhne-uzum-sirkesi-2-l-pet-sise-p-5c1645,Temel Gıda,Sos,Sirke,,,,,,,
Kühne Balzamik Sirke 500 Ml,,https://www.migros.com.tr/kuhne-balzamik-sirke-500-ml-p-5c07d5,Temel Gıda,Sos,Sirke,,,,,,,
Tariş Üzüm Sirkesi 2 L ( Pet Şişe ),,https://www.migros.com.tr/taris-uzum-sirkesi-2-l-pet-sise-p-5c07c6,Temel Gıda,Sos,Sirke,,,,,,,
Kuhne Balzamik Sirke 250 Ml,,https://www.migros.com.tr/kuhne-balzamik-sirke-250-ml-p-5c07d0,Temel Gıda,Sos,Sirke,,,,,,,
Doğanay Elma Sirkesi Cam 500 Ml,,https://www.migros.com.tr/doganay-elma-sirkesi-cam-500-ml-p-5c1656,Temel Gıda,Sos,Sirke,,,,,,,
Doğanay Üzüm Sirkesi Cam 500 Cc,,https://www.migros.com.tr/doganay-uzum-sirkesi-cam-500-cc-p-5c0828,Temel Gıda,Sos,Sirke,,,,,,,
Tariş Elma Sirkesi 1 L,,https://www.migros.com.tr/taris-elma-sirkesi-1-l-p-5c1654,Temel Gıda,Sos,Sirke,,,,,,,
Doğanay Balzamik Sirke 100 Üzüm 500 Ml,,https://www.migros.com.tr/doganay-balzamik-sirke-100-uzum-500-ml-p-5c1667,Temel Gıda,Sos,Sirke,,,,,,,
Kühne Üzüm Sirkesi 500 Ml ( Pet Şişe ),,https://www.migros.com.tr/kuhne-uzum-sirkesi-500-ml-pet-sise-p-5c07db,Temel Gıda,Sos,Sirke,,,,,,,
Fersan Balsamik Sirke 500 Ml Cam,,https://www.migros.com.tr/fersan-balsamik-sirke-500-ml-cam-p-2be3c54,Temel Gıda,Sos,Sirke,,,,,,,
Fersan Detox Doğal Sirke Analı Üzüm Sirkesi 500 Ml,,https://www.migros.com.tr/fersan-detox-dogal-sirke-anali-uzum-sirkesi-500-ml-p-8a4740,Temel Gıda,Sos,Sirke,,,,,,,
Doğanay Elma Sirkesi 500 Ml ( Pet Şişe ),,https://www.migros.com.tr/doganay-elma-sirkesi-500-ml-pet-sise-p-5c165b,Temel Gıda,Sos,Sirke,,,,,,,
Kühne Elma Sirkesi 500 Ml ( Pet Şişe ),,https://www.migros.com.tr/kuhne-elma-sirkesi-500-ml-pet-sise-p-5c07dd,Temel Gıda,Sos,Sirke,,,,,,,
Kühne Filtresiz Üzüm Sirkesi 500 Ml,,https://www.migros.com.tr/kuhne-filtresiz-uzum-sirkesi-500-ml-p-89e001,Temel Gıda,Sos,Sirke,,,,,,,
Kühne Narlı Elma Sirkesi 500 Ml,,https://www.migros.com.tr/kuhne-narli-elma-sirkesi-500-ml-p-89b38b,Temel Gıda,Sos,Sirke,,,,,,,
Dr.Oetker Turşukur 100 G,,https://www.migros.com.tr/droetker-tursukur-100-g-p-5ca6c5,Temel Gıda,Sos,Sirke,,,,,,,
Kühne Karbonatlı Beyaz Sirke 1000 Ml,,https://www.migros.com.tr/kuhne-karbonatli-beyaz-sirke-1000-ml-p-89b38a,Temel Gıda,Sos,Sirke,,,,,,,
Kühne Üzüm Sirkesi 1000 Ml ( Pet Şişe ),,https://www.migros.com.tr/kuhne-uzum-sirkesi-1000-ml-pet-sise-p-5c07dc,Temel Gıda,Sos,Sirke,,,,,,,
Kühne Filtresiz Elma Sirkesi 500 Ml,,https://www.migros.com.tr/kuhne-filtresiz-elma-sirkesi-500-ml-p-89dffc,Temel Gıda,Sos,Sirke,,,,,,,
Barillia Fesleğenli Pesto (Pesto Genovese) Makarna Sosu 190 G,,https://www.migros.com.tr/barillia-feslegenli-pesto-pesto-genovese-makarna-sosu-190-g-p-fa8d31,Temel Gıda,Sos,Makarna Sosu,,,,,,,
Knorr Makarna Sosu İtalyan Usulü Kremalı Mantarlı 52 G,,https://www.migros.com.tr/knorr-makarna-sosu-italyan-usulu-kremali-mantarli-52-g-p-5c2f3e,Temel Gıda,Sos,Makarna Sosu,,,,,,,
Knorr Fesleğenli Makarna Sosu 50 G,,https://www.migros.com.tr/knorr-feslegenli-makarna-sosu-50-g-p-5c3007,Temel Gıda,Sos,Makarna Sosu,,,,,,,
Knorr 4 Peynirli Makarna Sosu 50 G,,https://www.migros.com.tr/knorr-4-peynirli-makarna-sosu-50-g-p-5c3006,Temel Gıda,Sos,Makarna Sosu,,,,,,,
Barilla Napoliten (Napoletana) Makarna Sosu 400 G,,https://www.migros.com.tr/barilla-napoliten-napoletana-makarna-sosu-400-g-p-fa8d27,Temel Gıda,Sos,Makarna Sosu,,,,,,,
Pastavilla Napoliten Makarna Sosu 300 G,,https://www.migros.com.tr/pastavilla-napoliten-makarna-sosu-300-g-p-fa8cc3,Temel Gıda,Sos,Makarna Sosu,,,,,,,
Knorr İtalyan Usulü Domatesli Bolonez Makarna Sosu 40 G,,https://www.migros.com.tr/knorr-italyan-usulu-domatesli-bolonez-makarna-sosu-40-g-p-5c2f51,Temel Gıda,Sos,Makarna Sosu,,,,,,,
Barilla Basilico (Fesleğenli Domates) Makarna Sosu 400 G,,https://www.migros.com.tr/barilla-basilico-feslegenli-domates-makarna-sosu-400-g-p-fa8d35,Temel Gıda,Sos,Makarna Sosu,,,,,,,
Barilla Acılı ve Domatesli (Arabbiata) Makarna Sosu 400 G,,https://www.migros.com.tr/barilla-acili-ve-domatesli-arabbiata-makarna-sosu-400-g-p-fa8d22,Temel Gıda,Sos,Makarna Sosu,,,,,,,
Pastavilla Pesto Makarna Sosu 190 G,,https://www.migros.com.tr/pastavilla-pesto-makarna-sosu-190-g-p-89b27a,Temel Gıda,Sos,Makarna Sosu,,,,,,,
Tukaş Napoliten Makarna Sosu 360G,,https://www.migros.com.tr/tukas-napoliten-makarna-sosu-360g-p-89b363,Temel Gıda,Sos,Makarna Sosu,,,,,,,
Tukaş Basilico Makarna Sosu 360 G,,https://www.migros.com.tr/tukas-basilico-makarna-sosu-360-g-p-89b364,Temel Gıda,Sos,Makarna Sosu,,,,,,,
Barilla Domates ve Balzamik Sirkeli (Pesto Rosso) Makarna Sosu 200 G,,https://www.migros.com.tr/barilla-domates-ve-balzamik-sirkeli-pesto-rosso-makarna-sosu-200-g-p-fa8d33,Temel Gıda,Sos,Makarna Sosu,,,,,,,
Pastavilla Meksikan Makarna Sosu 300 G,,https://www.migros.com.tr/pastavilla-meksikan-makarna-sosu-300-g-p-fa8ccd,Temel Gıda,Sos,Makarna Sosu,,,,,,,
Kühne Arrabbiata Makarna Sosu 350g,,https://www.migros.com.tr/kuhne-arrabbiata-makarna-sosu-350g-p-89b35b,Temel Gıda,Sos,Makarna Sosu,,,,,,,
Calve Ranch Sos 245 G,,https://www.migros.com.tr/calve-ranch-sos-245-g-p-8a470e,Temel Gıda,Sos,Lezzetlendrici Sos,,,,,,,
Calve Cheddar Sos 240 G,,https://www.migros.com.tr/calve-cheddar-sos-240-g-p-8a473b,Temel Gıda,Sos,Lezzetlendrici Sos,,,,,,,
Calve Acılı Tavuk Sos 255 G,,https://www.migros.com.tr/calve-acili-tavuk-sos-255-g-p-8a4718,Temel Gıda,Sos,Lezzetlendrici Sos,,,,,,,
Calve Köri Sos 260 G,,https://www.migros.com.tr/calve-kori-sos-260-g-p-89b2ec,Temel Gıda,Sos,Lezzetlendrici Sos,,,,,,,
Penguen Lütenitsa Sos 300 G,,https://www.migros.com.tr/penguen-lutenitsa-sos-300-g-p-8ae2c7,Temel Gıda,Sos,Lezzetlendrici Sos,,,,,,,
Kühne Curry Sos 250 Ml,,https://www.migros.com.tr/kuhne-curry-sos-250-ml-p-fa3f5f,Temel Gıda,Sos,Lezzetlendrici Sos,,,,,,,
Calve Sos Acı Peri Peri Hafif Orta Acı 245 g,,https://www.migros.com.tr/calve-sos-aci-peri-peri-hafif-orta-aci-245-g-p-89b37c,Temel Gıda,Sos,Lezzetlendrici Sos,,,,,,,
Tat Barbekü Sos 250 G,,https://www.migros.com.tr/tat-barbeku-sos-250-g-p-89b2c2,Temel Gıda,Sos,Lezzetlendrici Sos,,,,,,,
Heinz Thai Sweet Chilli Sauce 240 G,,https://www.migros.com.tr/heinz-thai-sweet-chilli-sauce-240-g-p-89b2e9,Temel Gıda,Sos,Lezzetlendrici Sos,,,,,,,
Heinz Et Sosu 250 G,,https://www.migros.com.tr/heinz-et-sosu-250-g-p-fa4251,Temel Gıda,Sos,Lezzetlendrici Sos,,,,,,,
Tat Peri Peri Sos 225 G,,https://www.migros.com.tr/tat-peri-peri-sos-225-g-p-89b2c3,Temel Gıda,Sos,Lezzetlendrici Sos,,,,,,,
Tat Cevizli Ezme 300 G,,https://www.migros.com.tr/tat-cevizli-ezme-300-g-p-8a4769,Temel Gıda,Sos,Lezzetlendrici Sos,,,,,,,
Tat Kahvaltılık Sos 300 G,,https://www.migros.com.tr/tat-kahvaltilik-sos-300-g-p-8a476a,Temel Gıda,Sos,Lezzetlendrici Sos,,,,,,,
Kikkoman Teriyaki 250 Ml,,https://www.migros.com.tr/kikkoman-teriyaki-250-ml-p-fa4016,Temel Gıda,Sos,Lezzetlendrici Sos,,,,,,,
Tat Sos Burger 210 G,,https://www.migros.com.tr/tat-sos-burger-210-g-p-89b74b,Temel Gıda,Sos,Lezzetlendrici Sos,,,,,,,
Kühne %100 Nar Ekşisi 250 Ml,,https://www.migros.com.tr/kuhne-100-nar-eksisi-250-ml-p-fa6999,Temel Gıda,Sos,Nar Ekşisi,,,,,,,
Doğanay %100 Nar Ekşisi Cam 250 Ml,,https://www.migros.com.tr/doganay-100-nar-eksisi-cam-250-ml-p-2be39c5,Temel Gıda,Sos,Nar Ekşisi,,,,,,,
Fersan %100 Nar Ekşisi 330 G,,https://www.migros.com.tr/fersan-100-nar-eksisi-330-g-p-89e026,Temel Gıda,Sos,Nar Ekşisi,,,,,,,
Kühne Nar Ekşili Sos 250 Ml,,https://www.migros.com.tr/kuhne-nar-eksili-sos-250-ml-p-fa664d,Temel Gıda,Sos,Nar Ekşisi,,,,,,,
Kühne Nar Ekşili Sos 500 Ml,,https://www.migros.com.tr/kuhne-nar-eksili-sos-500-ml-p-fa69a1,Temel Gıda,Sos,Nar Ekşisi,,,,,,,
Migros Nar Ekşili Sos 250 Ml (Pet),,https://www.migros.com.tr/migros-nar-eksili-sos-250-ml-pet-p-5c16ac,Temel Gıda,Sos,Nar Ekşisi,,,,,,,
Kühne Kırmızı Meyve Ekşili Sos 250 Ml,,https://www.migros.com.tr/kuhne-kirmizi-meyve-eksili-sos-250-ml-p-89b38d,Temel Gıda,Sos,Nar Ekşisi,,,,,,,
Migros %100 Nar Ekşisi 250 Ml,,https://www.migros.com.tr/migros-100-nar-eksisi-250-ml-p-89b73f,Temel Gıda,Sos,Nar Ekşisi,,,,,,,
Calve Hardal Sos 250 G,,https://www.migros.com.tr/calve-hardal-sos-250-g-p-fbc64f,Temel Gıda,Sos,Hardal,,,,,,,
Heinz Ballı Hardal 240 G,,https://www.migros.com.tr/heinz-balli-hardal-240-g-p-fbc650,Temel Gıda,Sos,Hardal,,,,,,,
Calve Ballı Hardal 260 G,,https://www.migros.com.tr/calve-balli-hardal-260-g-p-fbc64e,Temel Gıda,Sos,Hardal,,,,,,,
Tat Hardal 230 G,,https://www.migros.com.tr/tat-hardal-230-g-p-fbc658,Temel Gıda,Sos,Hardal,,,,,,,
Heinz Hardal 445 G,,https://www.migros.com.tr/heinz-hardal-445-g-p-8ae31d,Temel Gıda,Sos,Hardal,,,,,,,
Kühne Taneli Hardal 255 Ml,,https://www.migros.com.tr/kuhne-taneli-hardal-255-ml-p-fbc5f0,Temel Gıda,Sos,Hardal,,,,,,,
Tukaş Hardal 335 G,,https://www.migros.com.tr/tukas-hardal-335-g-p-89b29d,Temel Gıda,Sos,Hardal,,,,,,,
Calve Taneli Hardal 345G,,https://www.migros.com.tr/calve-taneli-hardal-345g-p-89b37d,Temel Gıda,Sos,Hardal,,,,,,,
Pınar Hardal 175 G,,https://www.migros.com.tr/pinar-hardal-175-g-p-fbc584,Temel Gıda,Sos,Hardal,,,,,,,
Kühne Sodyumu Azaltılmış Soya Sosu 250 Ml,,https://www.migros.com.tr/kuhne-sodyumu-azaltilmis-soya-sosu-250-ml-p-5c300b,Temel Gıda,Sos,Soya Sosu,,,,,,,
Kühne Soya Sosu 250 Ml,,https://www.migros.com.tr/kuhne-soya-sosu-250-ml-p-fa416e,Temel Gıda,Sos,Soya Sosu,,,,,,,
Kühne Teriyaki Sos 250 Ml,,https://www.migros.com.tr/kuhne-teriyaki-sos-250-ml-p-fa424d,Temel Gıda,Sos,Soya Sosu,,,,,,,
Kikkoman Soya Sos 150 Ml,,https://www.migros.com.tr/kikkoman-soya-sos-150-ml-p-fa4015,Temel Gıda,Sos,Soya Sosu,,,,,,,
Kühne Acı Soya Sosu 250 Ml,,https://www.migros.com.tr/kuhne-aci-soya-sosu-250-ml-p-fa424c,Temel Gıda,Sos,Soya Sosu,,,,,,,
Calve Acı Sos 275 G,,https://www.migros.com.tr/calve-aci-sos-275-g-p-8a470f,Temel Gıda,Sos,Acı Sos,,,,,,,
Kühne Kırmızı Acı Bıber Sosu 100 Ml,,https://www.migros.com.tr/kuhne-kirmizi-aci-biber-sosu-100-ml-p-fa4248,Temel Gıda,Sos,Acı Sos,,,,,,,
Knorr Acısso Extra Hot Acı Biber Sosu 50 Ml,,https://www.migros.com.tr/knorr-acisso-extra-hot-aci-biber-sosu-50-ml-p-5ca75b,Temel Gıda,Sos,Acı Sos,,,,,,,
Tabasco Acı Biber Sos 60 Ml,,https://www.migros.com.tr/tabasco-aci-biber-sos-60-ml-p-fa3f98,Temel Gıda,Sos,Acı Sos,,,,,,,
Tabasco Yeşil Biber Sosu 60 Ml,,https://www.migros.com.tr/tabasco-yesil-biber-sosu-60-ml-p-fa3f99,Temel Gıda,Sos,Acı Sos,,,,,,,
Tat Acı Sos 100 Ml,,https://www.migros.com.tr/tat-aci-sos-100-ml-p-fa4237,Temel Gıda,Sos,Acı Sos,,,,,,,
Tabasco Chipolte Biber Sosu 60 Ml,,https://www.migros.com.tr/tabasco-chipolte-biber-sosu-60-ml-p-fa3f9b,Temel Gıda,Sos,Acı Sos,,,,,,,
Kühne Mexico Acı Sos 250 Ml,,https://www.migros.com.tr/kuhne-mexico-aci-sos-250-ml-p-89b362,Temel Gıda,Sos,Acı Sos,,,,,,,
Tukaş Acı Sos 400 G.,,https://www.migros.com.tr/tukas-aci-sos-400-g-p-89b29a,Temel Gıda,Sos,Acı Sos,,,,,,,
Tat Sos Acı Sos 230 G,,https://www.migros.com.tr/tat-sos-aci-sos-230-g-p-8a4772,Temel Gıda,Sos,Acı Sos,,,,,,,
Calve Barbekü Sos 290 G,,https://www.migros.com.tr/calve-barbeku-sos-290-g-p-8a4710,Temel Gıda,Sos,Barbekü Sos,,,,,,,
Hp Klasik Barbeku Sos 465 G,,https://www.migros.com.tr/hp-klasik-barbeku-sos-465-g-p-fa41cc,Temel Gıda,Sos,Barbekü Sos,,,,,,,
Kühne Barbekü Sos 250 Ml,,https://www.migros.com.tr/kuhne-barbeku-sos-250-ml-p-fa3f54,Temel Gıda,Sos,Barbekü Sos,,,,,,,
Kühne Caesar Salata Sosu 250 Ml,,https://www.migros.com.tr/kuhne-caesar-salata-sosu-250-ml-p-fa65dc,Temel Gıda,Sos,Özel Salata Sosu,,,,,,,
Kühne Caesar Salata Sosu 500 Ml,,https://www.migros.com.tr/kuhne-caesar-salata-sosu-500-ml-p-fa65db,Temel Gıda,Sos,Özel Salata Sosu,,,,,,,
Migros Limon Sosu 750 Ml,,https://www.migros.com.tr/migros-limon-sosu-750-ml-p-5c16b9,Temel Gıda,Sos,Limon Sosu,,,,,,,
Doğanay Limon Sosu 1000 Ml,,https://www.migros.com.tr/doganay-limon-sosu-1000-ml-p-7b4668,Temel Gıda,Sos,Limon Sosu,,,,,,,
Doganay Nare Limon Sosu 500 Ml,,https://www.migros.com.tr/doganay-nare-limon-sosu-500-ml-p-7b482a,Temel Gıda,Sos,Limon Sosu,,,,,,,
Fersan Limon Sosu 500 Ml,,https://www.migros.com.tr/fersan-limon-sosu-500-ml-p-7b483d,Temel Gıda,Sos,Limon Sosu,,,,,,,
Baharat Dünyası Karabiber 90 G,,https://www.migros.com.tr/baharat-dunyasi-karabiber-90-g-p-5bccea,Temel Gıda,"Tuz, Baharat, Harç",Baharat,Özel Baharat,,,,,,
Bağdat Pul Biber 80 G,,https://www.migros.com.tr/bagdat-pul-biber-80-g-p-5bb944,Temel Gıda,"Tuz, Baharat, Harç",Baharat,Özel Baharat,,,,,,
Bağdat Çörek Otu 75 G,,https://www.migros.com.tr/bagdat-corek-otu-75-g-p-5bb949,Temel Gıda,"Tuz, Baharat, Harç",Baharat,Özel Baharat,,,,,,
Baharat Dünyası Kırmızı Pul Biber 75 G,,https://www.migros.com.tr/baharat-dunyasi-kirmizi-pul-biber-75-g-p-5bcce9,Temel Gıda,"Tuz, Baharat, Harç",Baharat,Özel Baharat,,,,,,
Arifoğlu Karanfil 15 G,,https://www.migros.com.tr/arifoglu-karanfil-15-g-p-5bc026,Temel Gıda,"Tuz, Baharat, Harç",Baharat,Özel Baharat,,,,,,
Arifoğlu Tane Karabiber 40 G,,https://www.migros.com.tr/arifoglu-tane-karabiber-40-g-p-5bb4b6,Temel Gıda,"Tuz, Baharat, Harç",Baharat,Özel Baharat,,,,,,
Bağdat Kimyon 75 G,,https://www.migros.com.tr/bagdat-kimyon-75-g-p-5bb947,Temel Gıda,"Tuz, Baharat, Harç",Baharat,Özel Baharat,,,,,,
Bağdat Tatlı Biber 75 G,,https://www.migros.com.tr/bagdat-tatli-biber-75-g-p-5bb946,Temel Gıda,"Tuz, Baharat, Harç",Baharat,Özel Baharat,,,,,,
Bağdat Kekik 25 G,,https://www.migros.com.tr/bagdat-kekik-25-g-p-5bb950,Temel Gıda,"Tuz, Baharat, Harç",Baharat,Özel Baharat,,,,,,
Bağdat Nane 30 G,,https://www.migros.com.tr/bagdat-nane-30-g-p-5bb94f,Temel Gıda,"Tuz, Baharat, Harç",Baharat,Özel Baharat,,,,,,
Baharat Dünyası Kimyon 75 G,,https://www.migros.com.tr/baharat-dunyasi-kimyon-75-g-p-5bcceb,Temel Gıda,"Tuz, Baharat, Harç",Baharat,Özel Baharat,,,,,,
Bağdat Susam 75 G,,https://www.migros.com.tr/bagdat-susam-75-g-p-5bb948,Temel Gıda,"Tuz, Baharat, Harç",Baharat,Özel Baharat,,,,,,
Arifoğlu Çörek Otu 70 G,,https://www.migros.com.tr/arifoglu-corek-otu-70-g-p-5bc022,Temel Gıda,"Tuz, Baharat, Harç",Baharat,Özel Baharat,,,,,,
Arifoğlu Limon Tuzu Parça 60 G,,https://www.migros.com.tr/arifoglu-limon-tuzu-parca-60-g-p-5bc02a,Temel Gıda,"Tuz, Baharat, Harç",Baharat,Özel Baharat,,,,,,
Baharat Dünyası Hindistan Cevizi 50 G,,https://www.migros.com.tr/baharat-dunyasi-hindistan-cevizi-50-g-p-5bccec,Temel Gıda,"Tuz, Baharat, Harç",Baharat,Özel Baharat,,,,,,
Bağdat Tarçın 45 G,,https://www.migros.com.tr/bagdat-tarcin-45-g-p-5bb94c,Temel Gıda,"Tuz, Baharat, Harç",Baharat,Özel Baharat,,,,,,
Bağdat Kabuk Tarçın 45 G,,https://www.migros.com.tr/bagdat-kabuk-tarcin-45-g-p-5bb952,Temel Gıda,"Tuz, Baharat, Harç",Baharat,Özel Baharat,,,,,,
Bağdat Zencefil Toz 60 G,,https://www.migros.com.tr/bagdat-zencefil-toz-60-g-p-5bb4be,Temel Gıda,"Tuz, Baharat, Harç",Baharat,Özel Baharat,,,,,,
Bağdat Kuş Üzümü 40 G,,https://www.migros.com.tr/bagdat-kus-uzumu-40-g-p-5bb95f,Temel Gıda,"Tuz, Baharat, Harç",Baharat,Özel Baharat,,,,,,
Bağdat Karanfil 15 G,,https://www.migros.com.tr/bagdat-karanfil-15-g-p-5bb954,Temel Gıda,"Tuz, Baharat, Harç",Baharat,Özel Baharat,,,,,,
Baharat Dünyası Kekik 20 G,,https://www.migros.com.tr/baharat-dunyasi-kekik-20-g-p-5bcced,Temel Gıda,"Tuz, Baharat, Harç",Baharat,Özel Baharat,,,,,,
Arifoğlu Tarçın 50 G,,https://www.migros.com.tr/arifoglu-tarcin-50-g-p-5bc02f,Temel Gıda,"Tuz, Baharat, Harç",Baharat,Özel Baharat,,,,,,
Baharat Dünyası Nane 30 G,,https://www.migros.com.tr/baharat-dunyasi-nane-30-g-p-5bccee,Temel Gıda,"Tuz, Baharat, Harç",Baharat,Özel Baharat,,,,,,
Arifoğlu Tarçın Çubuk 45 G,,https://www.migros.com.tr/arifoglu-tarcin-cubuk-45-g-p-5bb4bb,Temel Gıda,"Tuz, Baharat, Harç",Baharat,Özel Baharat,,,,,,
Arifoğlu Kuş Üzümü 40 G,,https://www.migros.com.tr/arifoglu-kus-uzumu-40-g-p-5bc029,Temel Gıda,"Tuz, Baharat, Harç",Baharat,Özel Baharat,,,,,,
Arifoğlu Susam 80 G,,https://www.migros.com.tr/arifoglu-susam-80-g-p-5bc02e,Temel Gıda,"Tuz, Baharat, Harç",Baharat,Özel Baharat,,,,,,
Baharat Dünyası Susam 75 G,,https://www.migros.com.tr/baharat-dunyasi-susam-75-g-p-5bb4b8,Temel Gıda,"Tuz, Baharat, Harç",Baharat,Özel Baharat,,,,,,
Baharat Dünyası Dolmalık Fıstık 25 G,,https://www.migros.com.tr/baharat-dunyasi-dolmalik-fistik-25-g-p-5bccef,Temel Gıda,"Tuz, Baharat, Harç",Baharat,Özel Baharat,,,,,,
Bağdat Nane 70 G ( Ekonomik Boy ),,https://www.migros.com.tr/bagdat-nane-70-g-ekonomik-boy-p-5bb98a,Temel Gıda,"Tuz, Baharat, Harç",Baharat,Özel Baharat,,,,,,
Bağdat Sumak 80 G,,https://www.migros.com.tr/bagdat-sumak-80-g-p-5bb94a,Temel Gıda,"Tuz, Baharat, Harç",Baharat,Özel Baharat,,,,,,
Arifoğlu Sarımsak Granül 40 G,,https://www.migros.com.tr/arifoglu-sarimsak-granul-40-g-p-5bcd3d,Temel Gıda,"Tuz, Baharat, Harç",Baharat,Özel Baharat,,,,,,
Bağdat Defne Yaprağı 6 G,,https://www.migros.com.tr/bagdat-defne-yapragi-6-g-p-5bb953,Temel Gıda,"Tuz, Baharat, Harç",Baharat,Özel Baharat,,,,,,
Bağdat Acı Kırmızı Pul Biber 210 G ( Ekonomik Boy ),,https://www.migros.com.tr/bagdat-aci-kirmizi-pul-biber-210-g-ekonomik-boy-p-5bb98b,Temel Gıda,"Tuz, Baharat, Harç",Baharat,Özel Baharat,,,,,,
Bağdat Zerdeçal Toz 70 G,,https://www.migros.com.tr/bagdat-zerdecal-toz-70-g-p-5bb4d3,Temel Gıda,"Tuz, Baharat, Harç",Baharat,Özel Baharat,,,,,,
Arifoğlu Fesleğen 30 G,,https://www.migros.com.tr/arifoglu-feslegen-30-g-p-5bcd3c,Temel Gıda,"Tuz, Baharat, Harç",Baharat,Özel Baharat,,,,,,
Arifoğlu Köri 50 G,,https://www.migros.com.tr/arifoglu-kori-50-g-p-5bb4a7,Temel Gıda,"Tuz, Baharat, Harç",Baharat,Özel Baharat,,,,,,
Arifoğlu Nane 80 G,,https://www.migros.com.tr/arifoglu-nane-80-g-p-5bc83f,Temel Gıda,"Tuz, Baharat, Harç",Baharat,Özel Baharat,,,,,,
Arifoğlu Zerdeçal Öğütülmüş 80 G,,https://www.migros.com.tr/arifoglu-zerdecal-ogutulmus-80-g-p-5bcd3f,Temel Gıda,"Tuz, Baharat, Harç",Baharat,Özel Baharat,,,,,,
Bağdat Zerdeçal Tuzluklu 55 G (Cam),,https://www.migros.com.tr/bagdat-zerdecal-tuzluklu-55-g-cam-p-5bb4b9,Temel Gıda,"Tuz, Baharat, Harç",Baharat,Özel Baharat,,,,,,
Arifoğlu Zencefil Öğütülmüş 40 G,,https://www.migros.com.tr/arifoglu-zencefil-ogutulmus-40-g-p-5bcd3e,Temel Gıda,"Tuz, Baharat, Harç",Baharat,Özel Baharat,,,,,,
Arifoğlu Mahlep Öğütülmüş 33 G,,https://www.migros.com.tr/arifoglu-mahlep-ogutulmus-33-g-p-5bcd3b,Temel Gıda,"Tuz, Baharat, Harç",Baharat,Özel Baharat,,,,,,
Bağdat Limon Tuzu 60 G,,https://www.migros.com.tr/bagdat-limon-tuzu-60-g-p-5bb942,Temel Gıda,"Tuz, Baharat, Harç",Baharat,Özel Baharat,,,,,,
Bağdat Hindistan Cevizi 160 G,,https://www.migros.com.tr/bagdat-hindistan-cevizi-160-g-p-5bb986,Temel Gıda,"Tuz, Baharat, Harç",Baharat,Özel Baharat,,,,,,
Yayla Gurme Keten Tohumu 500 G,,https://www.migros.com.tr/yayla-gurme-keten-tohumu-500-g-p-5bcd25,Temel Gıda,"Tuz, Baharat, Harç",Baharat,Özel Baharat,,,,,,
Knorr Tatlı Toz Kırmızı Biber 65 G,,https://www.migros.com.tr/knorr-tatli-toz-kirmizi-biber-65-g-p-5bb4dc,Temel Gıda,"Tuz, Baharat, Harç",Baharat,Özel Baharat,,,,,,
Bağdat Ekstra Acı Pul Biber 80 G,,https://www.migros.com.tr/bagdat-ekstra-aci-pul-biber-80-g-p-5bcd31,Temel Gıda,"Tuz, Baharat, Harç",Baharat,Özel Baharat,,,,,,
Knorr Kuru Nane 25 G,,https://www.migros.com.tr/knorr-kuru-nane-25-g-p-5bb4e1,Temel Gıda,"Tuz, Baharat, Harç",Baharat,Özel Baharat,,,,,,
Arifoğlu Kimyon 70 G,,https://www.migros.com.tr/arifoglu-kimyon-70-g-p-5bc028,Temel Gıda,"Tuz, Baharat, Harç",Baharat,Özel Baharat,,,,,,
Arifoğlu Nane 25 G,,https://www.migros.com.tr/arifoglu-nane-25-g-p-5bc02b,Temel Gıda,"Tuz, Baharat, Harç",Baharat,Özel Baharat,,,,,,
Arifoğlu Hindistan Cevizi 50 G,,https://www.migros.com.tr/arifoglu-hindistan-cevizi-50-g-p-5bc024,Temel Gıda,"Tuz, Baharat, Harç",Baharat,Özel Baharat,,,,,,
Bağdat Haşhaş Mavi 80 G,,https://www.migros.com.tr/bagdat-hashas-mavi-80-g-p-5bcce5,Temel Gıda,"Tuz, Baharat, Harç",Baharat,Özel Baharat,,,,,,
Bağdat Yeni Bahar 40 G,,https://www.migros.com.tr/bagdat-yeni-bahar-40-g-p-5bb94d,Temel Gıda,"Tuz, Baharat, Harç",Baharat,Özel Baharat,,,,,,
Arifoğlu Öğütülmüş Keten Tohumu 100 G,,https://www.migros.com.tr/arifoglu-ogutulmus-keten-tohumu-100-g-p-2fca8b,Temel Gıda,"Tuz, Baharat, Harç",Baharat,Özel Baharat,,,,,,
Knorr Karanfil 15G,,https://www.migros.com.tr/knorr-karanfil-15g-p-5bcde6,Temel Gıda,"Tuz, Baharat, Harç",Baharat,Özel Baharat,,,,,,
Bağdat Biberiye 35 G,,https://www.migros.com.tr/bagdat-biberiye-35-g-p-5bb4c6,Temel Gıda,"Tuz, Baharat, Harç",Baharat,Özel Baharat,,,,,,
Bağdat Hindistan Cevizi 50 G,,https://www.migros.com.tr/bagdat-hindistan-cevizi-50-g-p-5bb94e,Temel Gıda,"Tuz, Baharat, Harç",Baharat,Özel Baharat,,,,,,
Arifoğlu Yenibahar 50 G,,https://www.migros.com.tr/arifoglu-yenibahar-50-g-p-5bb50d,Temel Gıda,"Tuz, Baharat, Harç",Baharat,Özel Baharat,,,,,,
Bağdat Fesleğen 30G,,https://www.migros.com.tr/bagdat-feslegen-30g-p-2be4d80,Temel Gıda,"Tuz, Baharat, Harç",Baharat,Özel Baharat,,,,,,
Bağdat Toz Acı Biber 75 G,,https://www.migros.com.tr/bagdat-toz-aci-biber-75-g-p-5bb945,Temel Gıda,"Tuz, Baharat, Harç",Baharat,Özel Baharat,,,,,,
Bağdat Kimyon Tuzluklu Cam 48 G,,https://www.migros.com.tr/bagdat-kimyon-tuzluklu-cam-48-g-p-5bb4c2,Temel Gıda,"Tuz, Baharat, Harç",Baharat,Özel Baharat,,,,,,
Bağdat Kekik 60 G ( Ekonomik Boy ),,https://www.migros.com.tr/bagdat-kekik-60-g-ekonomik-boy-p-5bb988,Temel Gıda,"Tuz, Baharat, Harç",Baharat,Özel Baharat,,,,,,
Knorr Pul Biber 65 G,,https://www.migros.com.tr/knorr-pul-biber-65-g-p-5bb4e0,Temel Gıda,"Tuz, Baharat, Harç",Baharat,Özel Baharat,,,,,,
Knorr Susam 65 G,,https://www.migros.com.tr/knorr-susam-65-g-p-5bb4de,Temel Gıda,"Tuz, Baharat, Harç",Baharat,Özel Baharat,,,,,,
Knorr Zerdeçal 60 G,,https://www.migros.com.tr/knorr-zerdecal-60-g-p-5bb4da,Temel Gıda,"Tuz, Baharat, Harç",Baharat,Özel Baharat,,,,,,
Arifoğlu Karabiber Öğütülmüş 60 G ( Cam ),,https://www.migros.com.tr/arifoglu-karabiber-ogutulmus-60-g-cam-p-5bb50f,Temel Gıda,"Tuz, Baharat, Harç",Baharat,Özel Baharat,,,,,,
Bağdat Kırmızı Toz Tatlı Biber Tuzluklu Cam 48 G,,https://www.migros.com.tr/bagdat-kirmizi-toz-tatli-biber-tuzluklu-cam-48-g-p-5bb4c4,Temel Gıda,"Tuz, Baharat, Harç",Baharat,Özel Baharat,,,,,,
Bağdat Köri 70 G,,https://www.migros.com.tr/bagdat-kori-70-g-p-5bb4bd,Temel Gıda,"Tuz, Baharat, Harç",Baharat,Özel Baharat,,,,,,
Bağdat İsot Biber 80 G,,https://www.migros.com.tr/bagdat-isot-biber-80-g-p-5bc895,Temel Gıda,"Tuz, Baharat, Harç",Baharat,Özel Baharat,,,,,,
Si&Ha Keten Tohumu 100 G,,https://www.migros.com.tr/siha-keten-tohumu-100-g-p-1b30786,Temel Gıda,"Tuz, Baharat, Harç",Baharat,Özel Baharat,,,,,,
Arifoğlu Kakule 30 G,,https://www.migros.com.tr/arifoglu-kakule-30-g-p-5bc89f,Temel Gıda,"Tuz, Baharat, Harç",Baharat,Özel Baharat,,,,,,
Knorr Kekik 20 G,,https://www.migros.com.tr/knorr-kekik-20-g-p-5bb4e3,Temel Gıda,"Tuz, Baharat, Harç",Baharat,Özel Baharat,,,,,,
Knorr Tarçın 40 G,,https://www.migros.com.tr/knorr-tarcin-40-g-p-5bb4dd,Temel Gıda,"Tuz, Baharat, Harç",Baharat,Özel Baharat,,,,,,
Bağdat Cajun Baharatı 80 G,,https://www.migros.com.tr/bagdat-cajun-baharati-80-g-p-5bb4c8,Temel Gıda,"Tuz, Baharat, Harç",Baharat,Özel Baharat,,,,,,
Arifoğlu Haşhaş Mavi 60 G,,https://www.migros.com.tr/arifoglu-hashas-mavi-60-g-p-5bc038,Temel Gıda,"Tuz, Baharat, Harç",Baharat,Özel Baharat,,,,,,
Bağdat Öğütülmş Karabiber Tuzluklu Cam 55 G,,https://www.migros.com.tr/bagdat-ogutulms-karabiber-tuzluklu-cam-55-g-p-5bb4bc,Temel Gıda,"Tuz, Baharat, Harç",Baharat,Özel Baharat,,,,,,
Anadolu Lezzetleri Amanos Dağları Kahvaltılık Zahter 160 G,,https://www.migros.com.tr/anadolu-lezzetleri-amanos-daglari-kahvaltilik-zahter-160-g-p-5bccf2,Temel Gıda,"Tuz, Baharat, Harç",Baharat,Özel Baharat,,,,,,
Bağdat Tarçın Tuzluklu Cam 45 G,,https://www.migros.com.tr/bagdat-tarcin-tuzluklu-cam-45-g-p-5bb4c3,Temel Gıda,"Tuz, Baharat, Harç",Baharat,Özel Baharat,,,,,,
Knorr Zencefil 50 G,,https://www.migros.com.tr/knorr-zencefil-50-g-p-5bb4db,Temel Gıda,"Tuz, Baharat, Harç",Baharat,Özel Baharat,,,,,,
Bağdat Hindistan Cevizi Tuzluklu Cam 35 G,,https://www.migros.com.tr/bagdat-hindistan-cevizi-tuzluklu-cam-35-g-p-5bb4c5,Temel Gıda,"Tuz, Baharat, Harç",Baharat,Özel Baharat,,,,,,
Bağdat Garam Masala Dünya Lezzetleri 60 G,,https://www.migros.com.tr/bagdat-garam-masala-dunya-lezzetleri-60-g-p-5bb54d,Temel Gıda,"Tuz, Baharat, Harç",Baharat,Özel Baharat,,,,,,
Arifoğlu Sarımsak Granül 65 G,,https://www.migros.com.tr/arifoglu-sarimsak-granul-65-g-p-5bc075,Temel Gıda,"Tuz, Baharat, Harç",Baharat,Özel Baharat,,,,,,
Bağdat Mor Reyhan 30 G,,https://www.migros.com.tr/bagdat-mor-reyhan-30-g-p-5bb4ca,Temel Gıda,"Tuz, Baharat, Harç",Baharat,Özel Baharat,,,,,,
Knorr Sumak 70 G,,https://www.migros.com.tr/knorr-sumak-70-g-p-5bb4df,Temel Gıda,"Tuz, Baharat, Harç",Baharat,Özel Baharat,,,,,,
Arifoğlu Lemon Pepper Baharat 100 G,,https://www.migros.com.tr/arifoglu-lemon-pepper-baharat-100-g-p-5bc0ed,Temel Gıda,"Tuz, Baharat, Harç",Baharat,Özel Baharat,,,,,,
Bağdat Toz Soğan Tuzluklu 38 G,,https://www.migros.com.tr/bagdat-toz-sogan-tuzluklu-38-g-p-5bb4cd,Temel Gıda,"Tuz, Baharat, Harç",Baharat,Özel Baharat,,,,,,
Kişniş Tane 90 G,,https://www.migros.com.tr/kisnis-tane-90-g-p-1b30780,Temel Gıda,"Tuz, Baharat, Harç",Baharat,Özel Baharat,,,,,,
Knorr Hindistan Cevizi 40G,,https://www.migros.com.tr/knorr-hindistan-cevizi-40g-p-5bcde4,Temel Gıda,"Tuz, Baharat, Harç",Baharat,Özel Baharat,,,,,,
Bağdat Akdeniz Çeşnisi,,https://www.migros.com.tr/bagdat-akdeniz-cesnisi-p-5bcce8,Temel Gıda,"Tuz, Baharat, Harç",Baharat,Özel Baharat,,,,,,
Bağdat Fajıta Baharatı Dünya Lezzetleri 55 G,,https://www.migros.com.tr/bagdat-fajita-baharati-dunya-lezzetleri-55-g-p-5bb54a,Temel Gıda,"Tuz, Baharat, Harç",Baharat,Özel Baharat,,,,,,
Bağdat Toz Sarımsak Tuzluklu 48 G,,https://www.migros.com.tr/bagdat-toz-sarimsak-tuzluklu-48-g-p-5bb4cf,Temel Gıda,"Tuz, Baharat, Harç",Baharat,Özel Baharat,,,,,,
Bağdat Kurutulmuş Dere Otu Tuzluklu 16 G,,https://www.migros.com.tr/bagdat-kurutulmus-dere-otu-tuzluklu-16-g-p-5bb4d0,Temel Gıda,"Tuz, Baharat, Harç",Baharat,Özel Baharat,,,,,,
Dünya Hayat Çubuk Tarçın 50 G,,https://www.migros.com.tr/dunya-hayat-cubuk-tarcin-50-g-p-5bb4d9,Temel Gıda,"Tuz, Baharat, Harç",Baharat,Özel Baharat,,,,,,
Bağdat Cajun Baharatı Cam 55 G,,https://www.migros.com.tr/bagdat-cajun-baharati-cam-55-g-p-5bb54b,Temel Gıda,"Tuz, Baharat, Harç",Baharat,Özel Baharat,,,,,,
Bağdat Sumak Tane 50 G,,https://www.migros.com.tr/bagdat-sumak-tane-50-g-p-5bb4c9,Temel Gıda,"Tuz, Baharat, Harç",Baharat,Özel Baharat,,,,,,
Tarçın 100 G,,https://www.migros.com.tr/tarcin-100-g-p-1b3078d,Temel Gıda,"Tuz, Baharat, Harç",Baharat,Özel Baharat,,,,,,
Bağdat Sarımsak Granül 40 Gr,,https://www.migros.com.tr/bagdat-sarimsak-granul-40-gr-p-5bb4eb,Temel Gıda,"Tuz, Baharat, Harç",Baharat,Özel Baharat,,,,,,
Arifoğlu 4 Çeşitli Tane Karabiber 50 G,,https://www.migros.com.tr/arifoglu-4-cesitli-tane-karabiber-50-g-p-5bc116,Temel Gıda,"Tuz, Baharat, Harç",Baharat,Özel Baharat,,,,,,
Knorr Ekonomik Pulbiber 200 G,,https://www.migros.com.tr/knorr-ekonomik-pulbiber-200-g-p-5bcde1,Temel Gıda,"Tuz, Baharat, Harç",Baharat,Özel Baharat,,,,,,
Bağdat Saray (Osmanlı) Baharatı 38 G,,https://www.migros.com.tr/bagdat-saray-osmanli-baharati-38-g-p-5bb4ec,Temel Gıda,"Tuz, Baharat, Harç",Baharat,Özel Baharat,,,,,,
Bağdat Zencefil Tuzluklu Kapak Cam 39 G,,https://www.migros.com.tr/bagdat-zencefil-tuzluklu-kapak-cam-39-g-p-5bb4e6,Temel Gıda,"Tuz, Baharat, Harç",Baharat,Özel Baharat,,,,,,
Bağdat Taco Dünya Lezzetleri 55 G,,https://www.migros.com.tr/bagdat-taco-dunya-lezzetleri-55-g-p-5bb54c,Temel Gıda,"Tuz, Baharat, Harç",Baharat,Özel Baharat,,,,,,
Ümitköy Gurme Siyah Sarımsak Tozlu Çeşni 20 G,,https://www.migros.com.tr/umitkoy-gurme-siyah-sarimsak-tozlu-cesni-20-g-p-5bb4b7,Temel Gıda,"Tuz, Baharat, Harç",Baharat,Özel Baharat,,,,,,
Bağdat Köfte Baharı 65 G,,https://www.migros.com.tr/bagdat-kofte-bahari-65-g-p-5bb491,Temel Gıda,"Tuz, Baharat, Harç",Baharat,Özel Baharat,,,,,,
Si&Ha Makarna Baharatı 100 G,,https://www.migros.com.tr/siha-makarna-baharati-100-g-p-1b307ef,Temel Gıda,"Tuz, Baharat, Harç",Baharat,Özel Baharat,,,,,,
Biberiye 70 G,,https://www.migros.com.tr/biberiye-70-g-p-1b30785,Temel Gıda,"Tuz, Baharat, Harç",Baharat,Özel Baharat,,,,,,
Si&Ha Zeytin Baharatı 100 G,,https://www.migros.com.tr/siha-zeytin-baharati-100-g-p-1b307f2,Temel Gıda,"Tuz, Baharat, Harç",Baharat,Özel Baharat,,,,,,
Zerdeçal Toz 100 G,,https://www.migros.com.tr/zerdecal-toz-100-g-p-1b3077f,Temel Gıda,"Tuz, Baharat, Harç",Baharat,Özel Baharat,,,,,,
Knorr Ekonomik Nane 65G,,https://www.migros.com.tr/knorr-ekonomik-nane-65g-p-5bcde2,Temel Gıda,"Tuz, Baharat, Harç",Baharat,Özel Baharat,,,,,,
Knorr Ekonomik Kekik 55G,,https://www.migros.com.tr/knorr-ekonomik-kekik-55g-p-5bcde3,Temel Gıda,"Tuz, Baharat, Harç",Baharat,Özel Baharat,,,,,,
Knorr Çörekotu 60G,,https://www.migros.com.tr/knorr-corekotu-60g-p-5bcde5,Temel Gıda,"Tuz, Baharat, Harç",Baharat,Özel Baharat,,,,,,
Bağdat Sumak Tuzluklu Kapak Cam 52 G,,https://www.migros.com.tr/bagdat-sumak-tuzluklu-kapak-cam-52-g-p-5bb4e7,Temel Gıda,"Tuz, Baharat, Harç",Baharat,Özel Baharat,,,,,,
Arifoğlu Fesleğen 15 G,,https://www.migros.com.tr/arifoglu-feslegen-15-g-p-5bc034,Temel Gıda,"Tuz, Baharat, Harç",Baharat,Özel Baharat,,,,,,
Bağdat Dolmalık Fıstık 23 G,,https://www.migros.com.tr/bagdat-dolmalik-fistik-23-g-p-5bb95e,Temel Gıda,"Tuz, Baharat, Harç",Baharat,Özel Baharat,,,,,,
Bağdat Et Çeşnisi Değirmen 45 G,,https://www.migros.com.tr/bagdat-et-cesnisi-degirmen-45-g-p-5bcd0d,Temel Gıda,"Tuz, Baharat, Harç",Baharat,Özel Baharat,,,,,,
Billur Tuz Rafine İyotlu Sofra Tuzu 750 G,Deniz Tuzu,https://www.migros.com.tr/billur-tuz-rafine-iyotlu-sofra-tuzu-750-g-p-5bdfee,Temel Gıda,"Tuz, Baharat, Harç",Tuz,,,,,,,
Migros İyotlu Sofra Tuzu 750 G,Deniz Tuzu,https://www.migros.com.tr/migros-iyotlu-sofra-tuzu-750-g-p-5be986,Temel Gıda,"Tuz, Baharat, Harç",Tuz,,,,,,,
"Billur Tuz Rafine İyotlu Sofra Tuzu 1,5 Kg",Deniz Tuzu,https://www.migros.com.tr/billur-tuz-rafine-iyotlu-sofra-tuzu-15-kg-p-5bdff9,Temel Gıda,"Tuz, Baharat, Harç",Tuz,,,,,,,
Efsina Kaya Tuzu Silindir Kutu 600 G,Kaya Tuzu,https://www.migros.com.tr/efsina-kaya-tuzu-silindir-kutu-600-g-p-5be97b,Temel Gıda,"Tuz, Baharat, Harç",Tuz,,,,,,,
Efsina Kaya Tuzu Sofrada Öğütme 500 G,Kaya Tuzu,https://www.migros.com.tr/efsina-kaya-tuzu-sofrada-ogutme-500-g-p-5be988,Temel Gıda,"Tuz, Baharat, Harç",Tuz,,,,,,,
Billur Tuz İyotlu Sofra Tuzu 500 G ( Tuzluklu ),Deniz Tuzu,https://www.migros.com.tr/billur-tuz-iyotlu-sofra-tuzu-500-g-tuzluklu-p-5bdff0,Temel Gıda,"Tuz, Baharat, Harç",Tuz,,,,,,,
Billur Tuz Salamura Tuzu 3 Kg,Deniz Tuzu,https://www.migros.com.tr/billur-tuz-salamura-tuzu-3-kg-p-5bdff2,Temel Gıda,"Tuz, Baharat, Harç",Tuz,,,,,,,
Billur Tuz İyotlu Piknik Tuzu 125 Gr,Deniz Tuzu,https://www.migros.com.tr/billur-tuz-iyotlu-piknik-tuzu-125-gr-p-5be99e,Temel Gıda,"Tuz, Baharat, Harç",Tuz,,,,,,,
Efsina İyotlu İnce Kaya Tuzu (Tuzluk) 250 G,Kaya Tuzu,https://www.migros.com.tr/efsina-iyotlu-ince-kaya-tuzu-tuzluk-250-g-p-5be82c,Temel Gıda,"Tuz, Baharat, Harç",Tuz,,,,,,,
Efsina Himalaya Tuzu (İnce) Silindir Kutu 600 G,Himalaya Tuzu,https://www.migros.com.tr/efsina-himalaya-tuzu-ince-silindir-kutu-600-g-p-5be97d,Temel Gıda,"Tuz, Baharat, Harç",Tuz,,,,,,,
Purelife Himalaya Tuzu Beyaz İyotlu İnce 500 G,Himalaya Tuzu,https://www.migros.com.tr/purelife-himalaya-tuzu-beyaz-iyotlu-ince-500-g-p-5bdffb,Temel Gıda,"Tuz, Baharat, Harç",Tuz,,,,,,,
M Life Himalaya Bölgesi İyotlu Sofra Tuzu 400 G,Himalaya Tuzu,https://www.migros.com.tr/m-life-himalaya-bolgesi-iyotlu-sofra-tuzu-400-g-p-5bdfec,Temel Gıda,"Tuz, Baharat, Harç",Tuz,,,,,,,
Billur Tuz Tuzluk 500 G (Pet),Deniz Tuzu,https://www.migros.com.tr/billur-tuz-tuzluk-500-g-pet-p-5bdfef,Temel Gıda,"Tuz, Baharat, Harç",Tuz,,,,,,,
Billur Sofrada Öğütme Deniz Tuzu 500 G,Deniz Tuzu,https://www.migros.com.tr/billur-sofrada-ogutme-deniz-tuzu-500-g-p-5be9a1,Temel Gıda,"Tuz, Baharat, Harç",Tuz,,,,,,,
City Farm Deniz Tuzu 500 G,Deniz Tuzu,https://www.migros.com.tr/city-farm-deniz-tuzu-500-g-p-118c8d,Temel Gıda,"Tuz, Baharat, Harç",Tuz,,,,,,,
Bağdat Himalaya Tuzu Değirmen 110 G,Himalaya Tuzu,https://www.migros.com.tr/bagdat-himalaya-tuzu-degirmen-110-g-p-5be984,Temel Gıda,"Tuz, Baharat, Harç",Tuz,,,,,,,
Billur Sofrada Öğütme Himalaya Tuzu 500 G,Himalaya Tuzu,https://www.migros.com.tr/billur-sofrada-ogutme-himalaya-tuzu-500-g-p-5be085,Temel Gıda,"Tuz, Baharat, Harç",Tuz,,,,,,,
Billur Tuz Sodyumu Azaltılmış İyotsuz Sofra Tuzu 500 G,Deniz Tuzu,https://www.migros.com.tr/billur-tuz-sodyumu-azaltilmis-iyotsuz-sofra-tuzu-500-g-p-5bdff5,Temel Gıda,"Tuz, Baharat, Harç",Tuz,,,,,,,
Billur Tuz İyotsuz Sofralık Tuz 250 G,Deniz Tuzu,https://www.migros.com.tr/billur-tuz-iyotsuz-sofralik-tuz-250-g-p-5bdff4,Temel Gıda,"Tuz, Baharat, Harç",Tuz,,,,,,,
Billur Tuz Cam Kavanoz Himalaya 500 G,Himalaya Tuzu,https://www.migros.com.tr/billur-tuz-cam-kavanoz-himalaya-500-g-p-5be9a2,Temel Gıda,"Tuz, Baharat, Harç",Tuz,,,,,,,
Efsina Folik Asitli Deniz Tuzu 600 G,Deniz Tuzu,https://www.migros.com.tr/efsina-folik-asitli-deniz-tuzu-600-g-p-5be98a,Temel Gıda,"Tuz, Baharat, Harç",Tuz,,,,,,,
Arifoğlu Sofrada Öğütme Deniz Tuzu 125G,Deniz Tuzu,https://www.migros.com.tr/arifoglu-sofrada-ogutme-deniz-tuzu-125g-p-5bdffe,Temel Gıda,"Tuz, Baharat, Harç",Tuz,,,,,,,
Billur Tuz Sofrada Öğütme Himalaya Tuzu 200 G,Himalaya Tuzu,https://www.migros.com.tr/billur-tuz-sofrada-ogutme-himalaya-tuzu-200-g-p-5bdba3,Temel Gıda,"Tuz, Baharat, Harç",Tuz,,,,,,,
Efsina Deniz Tuzu Granül Sofrada Öğütme 110 G,Deniz Tuzu,https://www.migros.com.tr/efsina-deniz-tuzu-granul-sofrada-ogutme-110-g-p-5be980,Temel Gıda,"Tuz, Baharat, Harç",Tuz,,,,,,,
Efsina Himalaya Tuzu Sofrada Öğütme 110 G,Himalaya Tuzu,https://www.migros.com.tr/efsina-himalaya-tuzu-sofrada-ogutme-110-g-p-5be97f,Temel Gıda,"Tuz, Baharat, Harç",Tuz,,,,,,,
Billur Tuz Sofrada Öğütme Deniz Tuzu 140 G,Deniz Tuzu,https://www.migros.com.tr/billur-tuz-sofrada-ogutme-deniz-tuzu-140-g-p-5be000,Temel Gıda,"Tuz, Baharat, Harç",Tuz,,,,,,,
Billur Tuz Değirmen Sofrada Öğütme Deniz Tuzu 200 G,Deniz Tuzu,https://www.migros.com.tr/billur-tuz-degirmen-sofrada-ogutme-deniz-tuzu-200-g-p-5bdba4,Temel Gıda,"Tuz, Baharat, Harç",Tuz,,,,,,,
Bağdat Kaya Tuzu Değirmen Kapak 115G,Kaya Tuzu,https://www.migros.com.tr/bagdat-kaya-tuzu-degirmen-kapak-115g-p-5bdba5,Temel Gıda,"Tuz, Baharat, Harç",Tuz,,,,,,,
Zencefil Kg,,https://www.migros.com.tr/zencefil-kg-p-5bcd69,Temel Gıda,"Tuz, Baharat, Harç",Aktar,Aktariye Kurutulmuş,,,,,,
Limon Tuzu Parça Kg,,https://www.migros.com.tr/limon-tuzu-parca-kg-p-5bcd7b,Temel Gıda,"Tuz, Baharat, Harç",Aktar,Aktariye Kurutulmuş,,,,,,
Keten Tohumu Dökme Kg,,https://www.migros.com.tr/keten-tohumu-dokme-kg-p-5bcd7c,Temel Gıda,"Tuz, Baharat, Harç",Aktar,Aktariye Kurutulmuş,,,,,,
Zencefil Toz Kg,,https://www.migros.com.tr/zencefil-toz-kg-p-5bcd6d,Temel Gıda,"Tuz, Baharat, Harç",Aktar,Aktariye Kurutulmuş,,,,,,
Sarımsak Tozu Kg,,https://www.migros.com.tr/sarimsak-tozu-kg-p-5bcd70,Temel Gıda,"Tuz, Baharat, Harç",Aktar,Aktariye Kurutulmuş,,,,,,
Tatlı Toz Biber Kg,,https://www.migros.com.tr/tatli-toz-biber-kg-p-5bcd73,Temel Gıda,"Tuz, Baharat, Harç",Aktar,Aktariye Kurutulmuş,,,,,,
Hindistan Cevizi Kg,,https://www.migros.com.tr/hindistan-cevizi-kg-p-5bcd5a,Temel Gıda,"Tuz, Baharat, Harç",Aktar,Aktariye Kurutulmuş,,,,,,
Kus Üzümü Kg,,https://www.migros.com.tr/kus-uzumu-kg-p-5bcd64,Temel Gıda,"Tuz, Baharat, Harç",Aktar,Aktariye Kurutulmuş,,,,,,
Zerdeçal Toz Kg,,https://www.migros.com.tr/zerdecal-toz-kg-p-5bcd75,Temel Gıda,"Tuz, Baharat, Harç",Aktar,Aktariye Kurutulmuş,,,,,,
Susam Kg,,https://www.migros.com.tr/susam-kg-p-5bcd6f,Temel Gıda,"Tuz, Baharat, Harç",Aktar,Aktariye Kurutulmuş,,,,,,
Nane Kg,,https://www.migros.com.tr/nane-kg-p-5bcd72,Temel Gıda,"Tuz, Baharat, Harç",Aktar,Aktariye Kurutulmuş,,,,,,
Defne Yaprağı Kg,,https://www.migros.com.tr/defne-yapragi-kg-p-5bcd55,Temel Gıda,"Tuz, Baharat, Harç",Aktar,Aktariye Kurutulmuş,,,,,,
Tarçın Toz Kg,,https://www.migros.com.tr/tarcin-toz-kg-p-5bcd68,Temel Gıda,"Tuz, Baharat, Harç",Aktar,Aktariye Kurutulmuş,,,,,,
Kimyon Kg,,https://www.migros.com.tr/kimyon-kg-p-5ce6f4,Temel Gıda,"Tuz, Baharat, Harç",Aktar,Aktariye Kurutulmuş,,,,,,
Kişniş Toz Kg,,https://www.migros.com.tr/kisnis-toz-kg-p-5bcd79,Temel Gıda,"Tuz, Baharat, Harç",Aktar,Aktariye Kurutulmuş,,,,,,
Haşhaş Kg,,https://www.migros.com.tr/hashas-kg-p-5bcd59,Temel Gıda,"Tuz, Baharat, Harç",Aktar,Aktariye Kurutulmuş,,,,,,
Mahlep Kg,,https://www.migros.com.tr/mahlep-kg-p-5bcd6e,Temel Gıda,"Tuz, Baharat, Harç",Aktar,Aktariye Kurutulmuş,,,,,,
Yeni Bahar Dökme Kg,,https://www.migros.com.tr/yeni-bahar-dokme-kg-p-5bcd6c,Temel Gıda,"Tuz, Baharat, Harç",Aktar,Aktariye Kurutulmuş,,,,,,
Biberıye Kg,,https://www.migros.com.tr/biberiye-kg-p-5bcd52,Temel Gıda,"Tuz, Baharat, Harç",Aktar,Aktariye Kurutulmuş,,,,,,
Beyazbiber Toz Kg,,https://www.migros.com.tr/beyazbiber-toz-kg-p-5bcd51,Temel Gıda,"Tuz, Baharat, Harç",Aktar,Aktariye Kurutulmuş,,,,,,
Sumak Dökme Kg,,https://www.migros.com.tr/sumak-dokme-kg-p-5bcd74,Temel Gıda,"Tuz, Baharat, Harç",Aktar,Aktariye Kurutulmuş,,,,,,
Türk Kahvesi Kg (E),,https://www.migros.com.tr/turk-kahvesi-kg-e-p-7b4bca,Temel Gıda,"Tuz, Baharat, Harç",Aktar,"Kahveler, Kakaolar Dökme",,,,,,
Knorr Beşamel Sos 70 G,,https://www.migros.com.tr/knorr-besamel-sos-70-g-p-5ca757,Temel Gıda,"Tuz, Baharat, Harç",Harç,Yemek Harçları,,,,,,
Knorr Köfte Harcı 82 G,,https://www.migros.com.tr/knorr-kofte-harci-82-g-p-5ca472,Temel Gıda,"Tuz, Baharat, Harç",Harç,Yemek Harçları,,,,,,
Knorr Çıtır Pane Harcı 90 G,,https://www.migros.com.tr/knorr-citir-pane-harci-90-g-p-5ca474,Temel Gıda,"Tuz, Baharat, Harç",Harç,Yemek Harçları,,,,,,
Bağdat Çıtır Pane Harcı,,https://www.migros.com.tr/bagdat-citir-pane-harci-p-5ca700,Temel Gıda,"Tuz, Baharat, Harç",Harç,Yemek Harçları,,,,,,
Doğalsan Panko Çıtır Kaplama 250 G,,https://www.migros.com.tr/dogalsan-panko-citir-kaplama-250-g-p-5c9f5a,Temel Gıda,"Tuz, Baharat, Harç",Harç,Yemek Harçları,,,,,,
Knorr Pane Harcı 100 G,,https://www.migros.com.tr/knorr-pane-harci-100-g-p-5ca475,Temel Gıda,"Tuz, Baharat, Harç",Harç,Yemek Harçları,,,,,,
Bağdat Köfte Harcı 90 G,,https://www.migros.com.tr/bagdat-kofte-harci-90-g-p-5ca405,Temel Gıda,"Tuz, Baharat, Harç",Harç,Yemek Harçları,,,,,,
Bağdat Tavuk Harcı 65 G,,https://www.migros.com.tr/bagdat-tavuk-harci-65-g-p-5ca6d3,Temel Gıda,"Tuz, Baharat, Harç",Harç,Yemek Harçları,,,,,,
Knorr Fırında Tavuk Çeşnisi Baharat&Sarımsak 34 G,,https://www.migros.com.tr/knorr-firinda-tavuk-cesnisi-baharatsarimsak-34-g-p-5c9f0b,Temel Gıda,"Tuz, Baharat, Harç",Harç,Yemek Harçları,,,,,,
Knorr Fırında Tavuk Çeşnisi Acılı Baharatlı 31 G,,https://www.migros.com.tr/knorr-firinda-tavuk-cesnisi-acili-baharatli-31-g-p-5c9f0c,Temel Gıda,"Tuz, Baharat, Harç",Harç,Yemek Harçları,,,,,,
Bizim Mutfak Köfte Harcı 2'Li Paket 85 G,,https://www.migros.com.tr/bizim-mutfak-kofte-harci-2li-paket-85-g-p-5ca75d,Temel Gıda,"Tuz, Baharat, Harç",Harç,Yemek Harçları,,,,,,
Bağdat Sebzeli Çeşni 250 G,,https://www.migros.com.tr/bagdat-sebzeli-cesni-250-g-p-5c9f09,Temel Gıda,"Tuz, Baharat, Harç",Harç,Yemek Harçları,,,,,,
Knorr Etsiz Çiğ Köfte Baharat Çeşnisi 40 G,,https://www.migros.com.tr/knorr-etsiz-cig-kofte-baharat-cesnisi-40-g-p-5c9f10,Temel Gıda,"Tuz, Baharat, Harç",Harç,Yemek Harçları,,,,,,
Knorr Mangal Harcı 37 G,,https://www.migros.com.tr/knorr-mangal-harci-37-g-p-5c9f0e,Temel Gıda,"Tuz, Baharat, Harç",Harç,Yemek Harçları,,,,,,
Knorr 5 Dakikada Etsiz Çiğ Köfte Seti 120 G,,https://www.migros.com.tr/knorr-5-dakikada-etsiz-cig-kofte-seti-120-g-p-5c9f0f,Temel Gıda,"Tuz, Baharat, Harç",Harç,Yemek Harçları,,,,,,
Knorr Kajun Baharatlı Patates Çeşnisi 60 G,,https://www.migros.com.tr/knorr-kajun-baharatli-patates-cesnisi-60-g-p-5bcdde,Temel Gıda,"Tuz, Baharat, Harç",Harç,Yemek Harçları,,,,,,
Knorr Fırında Tavuk Çeşnisi Mangal Lezzeti 29 G,,https://www.migros.com.tr/knorr-firinda-tavuk-cesnisi-mangal-lezzeti-29-g-p-5c9f0a,Temel Gıda,"Tuz, Baharat, Harç",Harç,Yemek Harçları,,,,,,
Knorr Patates Püresi 60 G,,https://www.migros.com.tr/knorr-patates-puresi-60-g-p-4ced5e,Temel Gıda,"Tuz, Baharat, Harç",Harç,Yemek Harçları,,,,,,
Bağdat Kolay Etsiz Çiğ Köfte 120 G,,https://www.migros.com.tr/bagdat-kolay-etsiz-cig-kofte-120-g-p-5c9f11,Temel Gıda,"Tuz, Baharat, Harç",Harç,Yemek Harçları,,,,,,
Knorr Sebzeli Çeşni 65 G,,https://www.migros.com.tr/knorr-sebzeli-cesni-65-g-p-5bcddc,Temel Gıda,"Tuz, Baharat, Harç",Harç,Yemek Harçları,,,,,,
Knorr Fırında Tavuk Çeşnisi Kekikli Fesleğenli Susamlı 29 G,,https://www.migros.com.tr/knorr-firinda-tavuk-cesnisi-kekikli-feslegenli-susamli-29-g-p-5c9f0d,Temel Gıda,"Tuz, Baharat, Harç",Harç,Yemek Harçları,,,,,,
Knorr 5 Dakikada Humus 75 G,,https://www.migros.com.tr/knorr-5-dakikada-humus-75-g-p-5bcddf,Temel Gıda,"Tuz, Baharat, Harç",Harç,Yemek Harçları,,,,,,
Knorr Et Çeşnisi Kekikli Ve Sarımsaklı 40 G,,https://www.migros.com.tr/knorr-et-cesnisi-kekikli-ve-sarimsakli-40-g-p-5ca721,Temel Gıda,"Tuz, Baharat, Harç",Harç,Yemek Harçları,,,,,,
S.S Tire Organik Nohut 1 Kg,,https://www.migros.com.tr/ss-tire-organik-nohut-1-kg-p-8b0a61,Temel Gıda,Sağlıklı Yaşam Ürünleri,"Ekolojik, Biyolojik Ürün","Ekolojik, Biyolojik Bakliyat",,,,,,
City Farm Organik Pilavlık Bulgur 1000 G,,https://www.migros.com.tr/city-farm-organik-pilavlik-bulgur-1000-g-p-106764,Temel Gıda,Sağlıklı Yaşam Ürünleri,"Ekolojik, Biyolojik Ürün","Ekolojik, Biyolojik Bakliyat",,,,,,
M Life Bio Organik Pirinç 1000 G,,https://www.migros.com.tr/m-life-bio-organik-pirinc-1000-g-p-89e03d,Temel Gıda,Sağlıklı Yaşam Ürünleri,"Ekolojik, Biyolojik Ürün","Ekolojik, Biyolojik Bakliyat",,,,,,
City Farm Yeşil Mercimek 1000 G,,https://www.migros.com.tr/city-farm-yesil-mercimek-1000-g-p-105383,Temel Gıda,Sağlıklı Yaşam Ürünleri,"Ekolojik, Biyolojik Ürün","Ekolojik, Biyolojik Bakliyat",,,,,,
M Life Bio Organik Nohut 1000 G,,https://www.migros.com.tr/m-life-bio-organik-nohut-1000-g-p-89e03b,Temel Gıda,Sağlıklı Yaşam Ürünleri,"Ekolojik, Biyolojik Ürün","Ekolojik, Biyolojik Bakliyat",,,,,,
S.S Tire Organik Kuru Fasulye 1 Kg,,https://www.migros.com.tr/ss-tire-organik-kuru-fasulye-1-kg-p-8b0a62,Temel Gıda,Sağlıklı Yaşam Ürünleri,"Ekolojik, Biyolojik Ürün","Ekolojik, Biyolojik Bakliyat",,,,,,
S.S Tire Organik Kırmızı Mercimek 1 Kg,,https://www.migros.com.tr/ss-tire-organik-kirmizi-mercimek-1-kg-p-8b0a5f,Temel Gıda,Sağlıklı Yaşam Ürünleri,"Ekolojik, Biyolojik Ürün","Ekolojik, Biyolojik Bakliyat",,,,,,
City Farm Organik Pirinç 1000 G,,https://www.migros.com.tr/city-farm-organik-pirinc-1000-g-p-f7120,Temel Gıda,Sağlıklı Yaşam Ürünleri,"Ekolojik, Biyolojik Ürün","Ekolojik, Biyolojik Bakliyat",,,,,,
City Farm Organik Kırmızı Mercimek 1000 G,,https://www.migros.com.tr/city-farm-organik-kirmizi-mercimek-1000-g-p-118c8a,Temel Gıda,Sağlıklı Yaşam Ürünleri,"Ekolojik, Biyolojik Ürün","Ekolojik, Biyolojik Bakliyat",,,,,,
City Farm Organik Nohut 1000 G,,https://www.migros.com.tr/city-farm-organik-nohut-1000-g-p-fb752,Temel Gıda,Sağlıklı Yaşam Ürünleri,"Ekolojik, Biyolojik Ürün","Ekolojik, Biyolojik Bakliyat",,,,,,
M Life Bio Organik Kırmızı Mercimek 1000 G,,https://www.migros.com.tr/m-life-bio-organik-kirmizi-mercimek-1000-g-p-89e039,Temel Gıda,Sağlıklı Yaşam Ürünleri,"Ekolojik, Biyolojik Ürün","Ekolojik, Biyolojik Bakliyat",,,,,,
M Life Bio Organik Pilavlık Bulgur 1000 G,,https://www.migros.com.tr/m-life-bio-organik-pilavlik-bulgur-1000-g-p-89e03e,Temel Gıda,Sağlıklı Yaşam Ürünleri,"Ekolojik, Biyolojik Ürün","Ekolojik, Biyolojik Bakliyat",,,,,,
M Life Bio Organik Dermason Fasulye 1000 G,,https://www.migros.com.tr/m-life-bio-organik-dermason-fasulye-1000-g-p-89e03c,Temel Gıda,Sağlıklı Yaşam Ürünleri,"Ekolojik, Biyolojik Ürün","Ekolojik, Biyolojik Bakliyat",,,,,,
M Life Bio Organik Yeşil Mercimek 1000 G,,https://www.migros.com.tr/m-life-bio-organik-yesil-mercimek-1000-g-p-89e03a,Temel Gıda,Sağlıklı Yaşam Ürünleri,"Ekolojik, Biyolojik Ürün","Ekolojik, Biyolojik Bakliyat",,,,,,
Kühne Organik Elma Sirkesi 500 Ml,,https://www.migros.com.tr/kuhne-organik-elma-sirkesi-500-ml-p-5c07d7,Temel Gıda,Sağlıklı Yaşam Ürünleri,"Ekolojik, Biyolojik Ürün","Ekolojik, Biyolojik Konserve-salça-sos",,,,,,
Tat Organik Domates Rendesi 470 G,,https://www.migros.com.tr/tat-organik-domates-rendesi-470-g-p-8987f0,Temel Gıda,Sağlıklı Yaşam Ürünleri,"Ekolojik, Biyolojik Ürün","Ekolojik, Biyolojik Konserve-salça-sos",,,,,,
Tat Organik Domates Salçası 500 G,,https://www.migros.com.tr/tat-organik-domates-salcasi-500-g-p-89b2dd,Temel Gıda,Sağlıklı Yaşam Ürünleri,"Ekolojik, Biyolojik Ürün","Ekolojik, Biyolojik Konserve-salça-sos",,,,,,
The Lifeco Organik Hindistan Cevizi Sütü 400 Ml,,https://www.migros.com.tr/the-lifeco-organik-hindistan-cevizi-sutu-400-ml-p-3f1882,Temel Gıda,Sağlıklı Yaşam Ürünleri,"Ekolojik, Biyolojik Ürün","Ekolojik, Biyolojik Konserve-salça-sos",,,,,,
Tat Organik Tatlı Biber Salçası 480 G,,https://www.migros.com.tr/tat-organik-tatli-biber-salcasi-480-g-p-89b2de,Temel Gıda,Sağlıklı Yaşam Ürünleri,"Ekolojik, Biyolojik Ürün","Ekolojik, Biyolojik Konserve-salça-sos",,,,,,
Kühne Organik Beyaz Sirke 500 Ml Cam,,https://www.migros.com.tr/kuhne-organik-beyaz-sirke-500-ml-cam-p-89b34a,Temel Gıda,Sağlıklı Yaşam Ürünleri,"Ekolojik, Biyolojik Ürün","Ekolojik, Biyolojik Konserve-salça-sos",,,,,,
City Farm Organik Elma Sirkesi 500 Ml,,https://www.migros.com.tr/city-farm-organik-elma-sirkesi-500-ml-p-5c070b,Temel Gıda,Sağlıklı Yaşam Ürünleri,"Ekolojik, Biyolojik Ürün","Ekolojik, Biyolojik Konserve-salça-sos",,,,,,
Kühne Organik Balsamik Sirke 250 Ml,,https://www.migros.com.tr/kuhne-organik-balsamik-sirke-250-ml-p-89b34b,Temel Gıda,Sağlıklı Yaşam Ürünleri,"Ekolojik, Biyolojik Ürün","Ekolojik, Biyolojik Konserve-salça-sos",,,,,,
Kühne Organik Üzüm Sirkesi 500 Ml Cam,,https://www.migros.com.tr/kuhne-organik-uzum-sirkesi-500-ml-cam-p-89b349,Temel Gıda,Sağlıklı Yaşam Ürünleri,"Ekolojik, Biyolojik Ürün","Ekolojik, Biyolojik Konserve-salça-sos",,,,,,
Çaykur Organik Zümrüt Yeşil Çay 125 Gr,,https://www.migros.com.tr/caykur-organik-zumrut-yesil-cay-125-gr-p-2f94ba,Temel Gıda,Sağlıklı Yaşam Ürünleri,"Ekolojik, Biyolojik Ürün","Ekolojik, Biyolojik Çay",,,,,,
Orgalife Organik Bardak Poşet Çay 20'Li 40 G,,https://www.migros.com.tr/orgalife-organik-bardak-poset-cay-20li-40-g-p-2f951e,Temel Gıda,Sağlıklı Yaşam Ürünleri,"Ekolojik, Biyolojik Ürün","Ekolojik, Biyolojik Çay",,,,,,
Lipton Organik Papatya Çayı 20'li 32 G,,https://www.migros.com.tr/lipton-organik-papatya-cayi-20li-32-g-p-2ff921,Temel Gıda,Sağlıklı Yaşam Ürünleri,"Ekolojik, Biyolojik Ürün","Ekolojik, Biyolojik Çay",,,,,,
Çaykur Organik Rize Siyah Çay 500 G,,https://www.migros.com.tr/caykur-organik-rize-siyah-cay-500-g-p-2f95a7,Temel Gıda,Sağlıklı Yaşam Ürünleri,"Ekolojik, Biyolojik Ürün","Ekolojik, Biyolojik Çay",,,,,,
Lipton Organik Hibiscus&Kuşburnu Çayı 20'li 40 G,,https://www.migros.com.tr/lipton-organik-hibiscuskusburnu-cayi-20li-40-g-p-2ff920,Temel Gıda,Sağlıklı Yaşam Ürünleri,"Ekolojik, Biyolojik Ürün","Ekolojik, Biyolojik Çay",,,,,,
Orgalife Organik Demlik Poşet Çay 48'Li 144 G,,https://www.migros.com.tr/orgalife-organik-demlik-poset-cay-48li-144-g-p-2f951d,Temel Gıda,Sağlıklı Yaşam Ürünleri,"Ekolojik, Biyolojik Ürün","Ekolojik, Biyolojik Çay",,,,,,
Orgalife Organik Earl Grey Bardak Poşet Çay 20'li 40G,,https://www.migros.com.tr/orgalife-organik-earl-grey-bardak-poset-cay-20li-40g-p-2f95aa,Temel Gıda,Sağlıklı Yaşam Ürünleri,"Ekolojik, Biyolojik Ürün","Ekolojik, Biyolojik Çay",,,,,,
Karali Organik Siyah Çay 500 G,,https://www.migros.com.tr/karali-organik-siyah-cay-500-g-p-2f951c,Temel Gıda,Sağlıklı Yaşam Ürünleri,"Ekolojik, Biyolojik Ürün","Ekolojik, Biyolojik Çay",,,,,,
Çaykur Organik Hemşin 400 G Karton Kutu,,https://www.migros.com.tr/caykur-organik-hemsin-400-g-karton-kutu-p-2f9584,Temel Gıda,Sağlıklı Yaşam Ürünleri,"Ekolojik, Biyolojik Ürün","Ekolojik, Biyolojik Çay",,,,,,
Orgalife Organik Earl Grey Demlik Poşet 48'li 144 G,,https://www.migros.com.tr/orgalife-organik-earl-grey-demlik-poset-48li-144-g-p-2f95ab,Temel Gıda,Sağlıklı Yaşam Ürünleri,"Ekolojik, Biyolojik Ürün","Ekolojik, Biyolojik Çay",,,,,,
Orgalife Form Çay 20'Li 40 G,,https://www.migros.com.tr/orgalife-form-cay-20li-40-g-p-2fd329,Temel Gıda,Sağlıklı Yaşam Ürünleri,"Ekolojik, Biyolojik Ürün","Ekolojik, Biyolojik Çay",,,,,,
M Life Organik Tam Buğday Unu 1 Kg,,https://www.migros.com.tr/m-life-organik-tam-bugday-unu-1-kg-p-4c8cf0,Temel Gıda,Sağlıklı Yaşam Ürünleri,"Ekolojik, Biyolojik Ürün","Ekolojik, Biyolojik Un",,,,,,
M Life Organik Buğday Unu 1 Kg,,https://www.migros.com.tr/m-life-organik-bugday-unu-1-kg-p-4c8cef,Temel Gıda,Sağlıklı Yaşam Ürünleri,"Ekolojik, Biyolojik Ürün","Ekolojik, Biyolojik Un",,,,,,
City Farm Organik Beyaz Un 1000 G,,https://www.migros.com.tr/city-farm-organik-beyaz-un-1000-g-p-4ce439,Temel Gıda,Sağlıklı Yaşam Ürünleri,"Ekolojik, Biyolojik Ürün","Ekolojik, Biyolojik Un",,,,,,
City Farm Organik Tam Buğday Unu 1000 G,,https://www.migros.com.tr/city-farm-organik-tam-bugday-unu-1000-g-p-4c8cd7,Temel Gıda,Sağlıklı Yaşam Ürünleri,"Ekolojik, Biyolojik Ürün","Ekolojik, Biyolojik Un",,,,,,
Bemtat Organik Buğday Unu 1 Kg,,https://www.migros.com.tr/bemtat-organik-bugday-unu-1-kg-p-4c8cea,Temel Gıda,Sağlıklı Yaşam Ürünleri,"Ekolojik, Biyolojik Ürün","Ekolojik, Biyolojik Un",,,,,,
Doğalsan Organik Siyez Unu 500 G,,https://www.migros.com.tr/dogalsan-organik-siyez-unu-500-g-p-4c8d4c,Temel Gıda,Sağlıklı Yaşam Ürünleri,"Ekolojik, Biyolojik Ürün","Ekolojik, Biyolojik Un",,,,,,
Doğalsan Organik Tam Çavdar Unu 1000 G,,https://www.migros.com.tr/dogalsan-organik-tam-cavdar-unu-1000-g-p-4c8d4e,Temel Gıda,Sağlıklı Yaşam Ürünleri,"Ekolojik, Biyolojik Ürün","Ekolojik, Biyolojik Un",,,,,,
Bemtat Organik Kavılca Unu 1 Kg,,https://www.migros.com.tr/bemtat-organik-kavilca-unu-1-kg-p-8ae300,Temel Gıda,Sağlıklı Yaşam Ürünleri,"Ekolojik, Biyolojik Ürün","Ekolojik, Biyolojik Un",,,,,,
Bemtat Organik Çavdar Unu 1 Kg,,https://www.migros.com.tr/bemtat-organik-cavdar-unu-1-kg-p-8ae31b,Temel Gıda,Sağlıklı Yaşam Ürünleri,"Ekolojik, Biyolojik Ürün","Ekolojik, Biyolojik Un",,,,,,
Bemtat Organik Tam Buğday Unu 1 Kg,,https://www.migros.com.tr/bemtat-organik-tam-bugday-unu-1-kg-p-4c8ceb,Temel Gıda,Sağlıklı Yaşam Ürünleri,"Ekolojik, Biyolojik Ürün","Ekolojik, Biyolojik Un",,,,,,
Bemtat Organik Ekmeklik Buğday Unu 1Kg,,https://www.migros.com.tr/bemtat-organik-ekmeklik-bugday-unu-1kg-p-8ae31a,Temel Gıda,Sağlıklı Yaşam Ürünleri,"Ekolojik, Biyolojik Ürün","Ekolojik, Biyolojik Un",,,,,,
City Farm Organik Dut Pekmezi 370 G,,https://www.migros.com.tr/city-farm-organik-dut-pekmezi-370-g-p-6c1ef2,Temel Gıda,Sağlıklı Yaşam Ürünleri,"Ekolojik, Biyolojik Ürün","Ekolojik, Biyolojik Kahvaltılık Ürünler",,,,,,
City Farm Organik Üzüm Pekmezi 460 G,,https://www.migros.com.tr/city-farm-organik-uzum-pekmezi-460-g-p-118c89,Temel Gıda,Sağlıklı Yaşam Ürünleri,"Ekolojik, Biyolojik Ürün","Ekolojik, Biyolojik Kahvaltılık Ürünler",,,,,,
Kristal Meraklısına Özel Organik Sızma Zeytinyağı 500 Ml,,https://www.migros.com.tr/kristal-meraklisina-ozel-organik-sizma-zeytinyagi-500-ml-p-3f0543,Temel Gıda,Sağlıklı Yaşam Ürünleri,"Ekolojik, Biyolojik Ürün","Ekolojik, Biyolojik Sıvıyağ",,,,,,
Ecolife Organik Hindistan Cevizi Yağı 250 Ml,,https://www.migros.com.tr/ecolife-organik-hindistan-cevizi-yagi-250-ml-p-3f6690,Temel Gıda,Sağlıklı Yaşam Ürünleri,"Ekolojik, Biyolojik Ürün","Ekolojik, Biyolojik Sıvıyağ",,,,,,
City Farm Organik Tarhana 500 G,,https://www.migros.com.tr/city-farm-organik-tarhana-500-g-p-4cadc9,Temel Gıda,Sağlıklı Yaşam Ürünleri,"Ekolojik, Biyolojik Ürün","Ekolojik, Biyolojik Çorba-bulyon",,,,,,
M Life Organik Kuruyemiş Sabah 50 G,,https://www.migros.com.tr/m-life-organik-kuruyemis-sabah-50-g-p-7b6dc6,Temel Gıda,Sağlıklı Yaşam Ürünleri,"Ekolojik, Biyolojik Ürün","Ekolojik, Biyolojik Kuruyemiş",,,,,,
M Life Organik Kuruyemiş Akşam 40 G,,https://www.migros.com.tr/m-life-organik-kuruyemis-aksam-40-g-p-7b6dc8,Temel Gıda,Sağlıklı Yaşam Ürünleri,"Ekolojik, Biyolojik Ürün","Ekolojik, Biyolojik Kuruyemiş",,,,,,
M Life Organik Kuruyemiş Öğlen 50 G,,https://www.migros.com.tr/m-life-organik-kuruyemis-oglen-50-g-p-7b6dc7,Temel Gıda,Sağlıklı Yaşam Ürünleri,"Ekolojik, Biyolojik Ürün","Ekolojik, Biyolojik Kuruyemiş",,,,,,
Tchibo Bio Kaffee Organik Çekirdek Kahve 250 G,,https://www.migros.com.tr/tchibo-bio-kaffee-organik-cekirdek-kahve-250-g-p-89b333,Temel Gıda,Sağlıklı Yaşam Ürünleri,"Ekolojik, Biyolojik Ürün","Ekolojik, Biyolojik Kahve",,,,,,
Ege Glutensiz Ekmek 285 G,,https://www.migros.com.tr/ege-glutensiz-ekmek-285-g-p-4d12e0,Temel Gıda,Sağlıklı Yaşam Ürünleri,Glutensiz Ürünler,Glutensiz Unlu Mamüller,,,,,,
Tada Glutensiz Karabuğdaylı Grisini 75 G,,https://www.migros.com.tr/tada-glutensiz-karabugdayli-grisini-75-g-p-89b316,Temel Gıda,Sağlıklı Yaşam Ürünleri,Glutensiz Ürünler,Glutensiz Unlu Mamüller,,,,,,
Tada Glutensiz Hindistan Cevizli Kurabiye 100 G,,https://www.migros.com.tr/tada-glutensiz-hindistan-cevizli-kurabiye-100-g-p-89b317,Temel Gıda,Sağlıklı Yaşam Ürünleri,Glutensiz Ürünler,Glutensiz Unlu Mamüller,,,,,,
Tada Glutensiz Ispanaklı İnce Gevrek 85 G,,https://www.migros.com.tr/tada-glutensiz-ispanakli-ince-gevrek-85-g-p-89b318,Temel Gıda,Sağlıklı Yaşam Ürünleri,Glutensiz Ürünler,Glutensiz Unlu Mamüller,,,,,,
Balviten Glutensiz Tuzlu Cubuk Kraker 70 G,,https://www.migros.com.tr/balviten-glutensiz-tuzlu-cubuk-kraker-70-g-p-4cfb0c,Temel Gıda,Sağlıklı Yaşam Ürünleri,Glutensiz Ürünler,Glutensiz Unlu Mamüller,,,,,,
Tada Glutensiz Biscotti 110 G,,https://www.migros.com.tr/tada-glutensiz-biscotti-110-g-p-89b314,Temel Gıda,Sağlıklı Yaşam Ürünleri,Glutensiz Ürünler,Glutensiz Unlu Mamüller,,,,,,
M Life Glutensiz Ekmek 200 G,,https://www.migros.com.tr/m-life-glutensiz-ekmek-200-g-p-8ae311,Temel Gıda,Sağlıklı Yaşam Ürünleri,Glutensiz Ürünler,Glutensiz Unlu Mamüller,,,,,,
Tada Glutensiz Peynirli Dereotlu Mini Kraker 85 G,,https://www.migros.com.tr/tada-glutensiz-peynirli-dereotlu-mini-kraker-85-g-p-89b315,Temel Gıda,Sağlıklı Yaşam Ürünleri,Glutensiz Ürünler,Glutensiz Unlu Mamüller,,,,,,
Arbella Plus Glutensiz Spaghetti 400 G,,https://www.migros.com.tr/arbella-plus-glutensiz-spaghetti-400-g-p-4ce564,Temel Gıda,Sağlıklı Yaşam Ürünleri,Glutensiz Ürünler,Glutensiz Makarna,,,,,,
Arbella Plus Glutensiz Arpa Şehriye 400 G,,https://www.migros.com.tr/arbella-plus-glutensiz-arpa-sehriye-400-g-p-4ce565,Temel Gıda,Sağlıklı Yaşam Ürünleri,Glutensiz Ürünler,Glutensiz Makarna,,,,,,
Barilla Glutensiz Spagetti (Spaghetti) Makarna 400 G,,https://www.migros.com.tr/barilla-glutensiz-spagetti-spaghetti-makarna-400-g-p-4ce5e1,Temel Gıda,Sağlıklı Yaşam Ürünleri,Glutensiz Ürünler,Glutensiz Makarna,,,,,,
Barilla Glutensiz Penne Rigate (Kalem) Makarna 400 G,,https://www.migros.com.tr/barilla-glutensiz-penne-rigate-kalem-makarna-400-g-p-4ce5e3,Temel Gıda,Sağlıklı Yaşam Ürünleri,Glutensiz Ürünler,Glutensiz Makarna,,,,,,
Sinangil Glutensiz Un 500 G,,https://www.migros.com.tr/sinangil-glutensiz-un-500-g-p-4c8c31,Temel Gıda,Sağlıklı Yaşam Ürünleri,Glutensiz Ürünler,Glutensiz Un,,,,,,
M Life Glutensiz Un 500 G,,https://www.migros.com.tr/m-life-glutensiz-un-500-g-p-8ae30d,Temel Gıda,Sağlıklı Yaşam Ürünleri,Glutensiz Ürünler,Glutensiz Un,,,,,,
Ege Glutensiz Galeta Unu 250 G,,https://www.migros.com.tr/ege-glutensiz-galeta-unu-250-g-p-89b37a,Temel Gıda,Sağlıklı Yaşam Ürünleri,Glutensiz Ürünler,Glutensiz Un,,,,,,
Sinangil Karabuğdaylı Glutensiz Un 500 G,,https://www.migros.com.tr/sinangil-karabugdayli-glutensiz-un-500-g-p-4c72c0,Temel Gıda,Sağlıklı Yaşam Ürünleri,Glutensiz Ürünler,Glutensiz Un,,,,,,
Söke Glutensiz Ekmek Unu 250 G,,https://www.migros.com.tr/soke-glutensiz-ekmek-unu-250-g-p-4c8d37,Temel Gıda,Sağlıklı Yaşam Ürünleri,Glutensiz Ürünler,Glutensiz Un,,,,,,
Schar Farina Gluetensiz Un 1 Kg,,https://www.migros.com.tr/schar-farina-gluetensiz-un-1-kg-p-4cf024,Temel Gıda,Sağlıklı Yaşam Ürünleri,Glutensiz Ürünler,Glutensiz Un,,,,,,
Schar Mini Sorrisi Gluten Free 100 G,,https://www.migros.com.tr/schar-mini-sorrisi-gluten-free-100-g-p-5b66b3,Temel Gıda,Sağlıklı Yaşam Ürünleri,Glutensiz Ürünler,Glutensiz Şekerli Ürünler,,,,,,
Schar Glutensiz Kraker Salinis 60 G,,https://www.migros.com.tr/schar-glutensiz-kraker-salinis-60-g-p-4ce95a,Temel Gıda,Sağlıklı Yaşam Ürünleri,Glutensiz Ürünler,Glutensiz Şekerli Ürünler,,,,,,
Nustil Glutensiz Yulaf Ezmesi 250G,,https://www.migros.com.tr/nustil-glutensiz-yulaf-ezmesi-250g-p-8b0a6d,Temel Gıda,Sağlıklı Yaşam Ürünleri,Glutensiz Ürünler,Glutensiz Kahvaltılık Ürünler,,,,,,
Yayla Glutensiz Nohutlu Karabuğday Pilavı 250 G,,https://www.migros.com.tr/yayla-glutensiz-nohutlu-karabugday-pilavi-250-g-p-8b0a7b,Temel Gıda,Sağlıklı Yaşam Ürünleri,Glutensiz Ürünler,Glutensiz Diğer,,,,,,
Yayla Glutensiz Sebzeli Karabuğday Pilavı 250 G,,https://www.migros.com.tr/yayla-glutensiz-sebzeli-karabugday-pilavi-250-g-p-8b0a7c,Temel Gıda,Sağlıklı Yaşam Ürünleri,Glutensiz Ürünler,Glutensiz Diğer,,,,,,
Ant Bahar Glutensiz Tahıllı Tohumlu Hindi Konserve 185 G,,https://www.migros.com.tr/ant-bahar-glutensiz-tahilli-tohumlu-hindi-konserve-185-g-p-89b334,Temel Gıda,Sağlıklı Yaşam Ürünleri,Glutensiz Ürünler,Glutensiz Diğer,,,,,,
Takita Tablet Tatlandırıcı 650 Adet 32 G,,https://www.migros.com.tr/takita-tablet-tatlandirici-650-adet-32-g-p-6ccf64,Temel Gıda,Sağlıklı Yaşam Ürünleri,Şekersiz Tatlandırıcılı Ürünler,Şekersiz Tatlandırıcılı Tatlandırıcı,,,,,,
Takita Stevia Tablet Tatlandırıcı 300 Adet 18 G,,https://www.migros.com.tr/takita-stevia-tablet-tatlandirici-300-adet-18-g-p-6ce4d9,Temel Gıda,Sağlıklı Yaşam Ürünleri,Şekersiz Tatlandırıcılı Ürünler,Şekersiz Tatlandırıcılı Tatlandırıcı,,,,,,
Takita Stevia Prebiyotik Lifli Tatlandırıcı 500 G,,https://www.migros.com.tr/takita-stevia-prebiyotik-lifli-tatlandirici-500-g-p-6ce4da,Temel Gıda,Sağlıklı Yaşam Ürünleri,Şekersiz Tatlandırıcılı Ürünler,Şekersiz Tatlandırıcılı Tatlandırıcı,,,,,,
Huxol Tablet Tatlandırıcı 650 Adet 39 Gr,,https://www.migros.com.tr/huxol-tablet-tatlandirici-650-adet-39-gr-p-6ccf19,Temel Gıda,Sağlıklı Yaşam Ürünleri,Şekersiz Tatlandırıcılı Ürünler,Şekersiz Tatlandırıcılı Tatlandırıcı,,,,,,
Canderel Green 100'Lü Tablet Tatlandırıcı 9 G,,https://www.migros.com.tr/canderel-green-100lu-tablet-tatlandirici-9-g-p-6ce4a8,Temel Gıda,Sağlıklı Yaşam Ürünleri,Şekersiz Tatlandırıcılı Ürünler,Şekersiz Tatlandırıcılı Tatlandırıcı,,,,,,
Takita Toz Tatlandırıcı 500 G ( Sorbitol + Sakarin ),,https://www.migros.com.tr/takita-toz-tatlandirici-500-g-sorbitol-sakarin-p-6ce10e,Temel Gıda,Sağlıklı Yaşam Ürünleri,Şekersiz Tatlandırıcılı Ürünler,Şekersiz Tatlandırıcılı Tatlandırıcı,,,,,,
Takita Tablet Tatlandırıcı Sukralozlu 300 Adet,,https://www.migros.com.tr/takita-tablet-tatlandirici-sukralozlu-300-adet-p-6ce4bc,Temel Gıda,Sağlıklı Yaşam Ürünleri,Şekersiz Tatlandırıcılı Ürünler,Şekersiz Tatlandırıcılı Tatlandırıcı,,,,,,
Takita Tablet Tatlandırıcı 300 Adet 18 G,,https://www.migros.com.tr/takita-tablet-tatlandirici-300-adet-18-g-p-6ccf5f,Temel Gıda,Sağlıklı Yaşam Ürünleri,Şekersiz Tatlandırıcılı Ürünler,Şekersiz Tatlandırıcılı Tatlandırıcı,,,,,,
Takita Stevia Tablet Tatlandırıcı 500 Ad 30 G,,https://www.migros.com.tr/takita-stevia-tablet-tatlandirici-500-ad-30-g-p-6ccbc7,Temel Gıda,Sağlıklı Yaşam Ürünleri,Şekersiz Tatlandırıcılı Ürünler,Şekersiz Tatlandırıcılı Tatlandırıcı,,,,,,
Takita Stevia Drops Sıvı Tatlandırıcı 20Ml,,https://www.migros.com.tr/takita-stevia-drops-sivi-tatlandirici-20ml-p-6ccbc5,Temel Gıda,Sağlıklı Yaşam Ürünleri,Şekersiz Tatlandırıcılı Ürünler,Şekersiz Tatlandırıcılı Tatlandırıcı,,,,,,
Takita Stevia Zero Küp Tatlandırıcı 225 G,,https://www.migros.com.tr/takita-stevia-zero-kup-tatlandirici-225-g-p-6ce966,Temel Gıda,Sağlıklı Yaşam Ürünleri,Şekersiz Tatlandırıcılı Ürünler,Şekersiz Tatlandırıcılı Tatlandırıcı,,,,,,
Koska Light Helva 350 G,,https://www.migros.com.tr/koska-light-helva-350-g-p-6ce29c,Temel Gıda,Sağlıklı Yaşam Ürünleri,Şekersiz Tatlandırıcılı Ürünler,Şekersiz Tatlandırıcılı Kahvaltılık,,,,,,
Takita Cool Mint Şekersiz Tablet Şeker 12 G,,https://www.migros.com.tr/takita-cool-mint-sekersiz-tablet-seker-12-g-p-6ce95d,Temel Gıda,Sağlıklı Yaşam Ürünleri,Şekersiz Tatlandırıcılı Ürünler,Şekersiz Tatlandırıcılı Şekerleme,,,,,,
Takita Ice Mints Şekersiz Tablet Şeker 12 G,,https://www.migros.com.tr/takita-ice-mints-sekersiz-tablet-seker-12-g-p-6ce95c,Temel Gıda,Sağlıklı Yaşam Ürünleri,Şekersiz Tatlandırıcılı Ürünler,Şekersiz Tatlandırıcılı Şekerleme,,,,,,
Takita Çilek Aromalı Şekersiz Tablet Şeker 12 G,,https://www.migros.com.tr/takita-cilek-aromali-sekersiz-tablet-seker-12-g-p-6ce95b,Temel Gıda,Sağlıklı Yaşam Ürünleri,Şekersiz Tatlandırıcılı Ürünler,Şekersiz Tatlandırıcılı Şekerleme,,,,,,
Veggy Vegan Köfte Karışımı 200 G,,https://www.migros.com.tr/veggy-vegan-kofte-karisimi-200-g-p-8b0a36,Temel Gıda,Sağlıklı Yaşam Ürünleri,"Vegan, Vejetaryen Ürünler",,,,,,,
Calve Vegan Mayonez 500 G,,https://www.migros.com.tr/calve-vegan-mayonez-500-g-p-89b354,Temel Gıda,Sağlıklı Yaşam Ürünleri,"Vegan, Vejetaryen Ürünler",,,,,,,
Veggy Soya Köftesi Karışımı 200 G,,https://www.migros.com.tr/veggy-soya-koftesi-karisimi-200-g-p-8b0a7f,Temel Gıda,Sağlıklı Yaşam Ürünleri,"Vegan, Vejetaryen Ürünler",,,,,,,
Veggy Vegburger 400 G,,https://www.migros.com.tr/veggy-vegburger-400-g-p-10c26ab,Temel Gıda,Sağlıklı Yaşam Ürünleri,"Vegan, Vejetaryen Ürünler",,,,,,,
Becel Tereyağı Severlere Bitkisel Sürülebilir Yağ 250 G,,https://www.migros.com.tr/becel-tereyagi-severlere-bitkisel-surulebilir-yag-250-g-p-3de067,Temel Gıda,Sağlıklı Yaşam Ürünleri,"Vegan, Vejetaryen Ürünler",,,,,,,
Tada Zeytinyağlı Taze Fasulye 250 G,,https://www.migros.com.tr/tada-zeytinyagli-taze-fasulye-250-g-p-8a4720,Temel Gıda,Sağlıklı Yaşam Ürünleri,"Vegan, Vejetaryen Ürünler",,,,,,,
Veggy Bezelye Proteini 200G,,https://www.migros.com.tr/veggy-bezelye-proteini-200g-p-121eeb5,Temel Gıda,Sağlıklı Yaşam Ürünleri,"Vegan, Vejetaryen Ürünler",,,,,,,
Elmasoğlu Ispanaklı Vegan Bohça Mantı 350G,,https://www.migros.com.tr/elmasoglu-ispanakli-vegan-bohca-manti-350g-p-10fa714,Temel Gıda,Sağlıklı Yaşam Ürünleri,"Vegan, Vejetaryen Ürünler",,,,,,,
Elmasoğlu Ispanaklı Vegan Pelmeni Mantı 350G,,https://www.migros.com.tr/elmasoglu-ispanakli-vegan-pelmeni-manti-350g-p-10fa715,Temel Gıda,Sağlıklı Yaşam Ürünleri,"Vegan, Vejetaryen Ürünler",,,,,,,
Fellas Çikolata Aromalı Protein Tozu 150 G,,https://www.migros.com.tr/fellas-cikolata-aromali-protein-tozu-150-g-p-7be6d3,Temel Gıda,Sağlıklı Yaşam Ürünleri,Aktif Yaşam Ürünleri,Sporcu Takviyeleri,,,,,,
Fellas Hindıstan Cevizli Ve Kakaolu Protein Bar 45 G,,https://www.migros.com.tr/fellas-hindistan-cevizli-ve-kakaolu-protein-bar-45-g-p-6ddcc5,Temel Gıda,Sağlıklı Yaşam Ürünleri,Aktif Yaşam Ürünleri,Sporcu Barları,,,,,,
Züber Kakao Çekirdekli Kolajen Proteinli Bar 35G,,https://www.migros.com.tr/zuber-kakao-cekirdekli-kolajen-proteinli-bar-35g-p-6dd92a,Temel Gıda,Sağlıklı Yaşam Ürünleri,Aktif Yaşam Ürünleri,Sporcu Barları,,,,,,
Fellas Duble Kakaolu Protein Bar 32 G,,https://www.migros.com.tr/fellas-duble-kakaolu-protein-bar-32-g-p-6ddbe6,Temel Gıda,Sağlıklı Yaşam Ürünleri,Aktif Yaşam Ürünleri,Sporcu Barları,,,,,,
Fellas Badem Ve Kakaolu Protein Barı 45 G,,https://www.migros.com.tr/fellas-badem-ve-kakaolu-protein-bari-45-g-p-6db5f6,Temel Gıda,Sağlıklı Yaşam Ürünleri,Aktif Yaşam Ürünleri,Sporcu Barları,,,,,,
Fellas Çilekli Yüksek Proteinli Bar 50 G,,https://www.migros.com.tr/fellas-cilekli-yuksek-proteinli-bar-50-g-p-6b43df,Temel Gıda,Sağlıklı Yaşam Ürünleri,Aktif Yaşam Ürünleri,Sporcu Barları,,,,,,
Züber Şeker İlavesiz Fıstık Ezmeli Hi-Protein Bar 45 G,,https://www.migros.com.tr/zuber-seker-ilavesiz-fistik-ezmeli-hi-protein-bar-45-g-p-6ddce8,Temel Gıda,Sağlıklı Yaşam Ürünleri,Aktif Yaşam Ürünleri,Sporcu Barları,,,,,,
Fellas Fındıklı Ve Kakaolu Protein Bar 32 G,,https://www.migros.com.tr/fellas-findikli-ve-kakaolu-protein-bar-32-g-p-6ddbe5,Temel Gıda,Sağlıklı Yaşam Ürünleri,Aktif Yaşam Ürünleri,Sporcu Barları,,,,,,
Fellas Klasik Yüksek Proteinli Bar 50 G,,https://www.migros.com.tr/fellas-klasik-yuksek-proteinli-bar-50-g-p-6b43e0,Temel Gıda,Sağlıklı Yaşam Ürünleri,Aktif Yaşam Ürünleri,Sporcu Barları,,,,,,
Fellas Muzlu Yüksek Proteinli Bar 50 G,,https://www.migros.com.tr/fellas-muzlu-yuksek-proteinli-bar-50-g-p-6b43de,Temel Gıda,Sağlıklı Yaşam Ürünleri,Aktif Yaşam Ürünleri,Sporcu Barları,,,,,,
Uniq2go Chocodark Fındıklı Ve Proteinli Bar 38 G,,https://www.migros.com.tr/uniq2go-chocodark-findikli-ve-proteinli-bar-38-g-p-6ddce4,Temel Gıda,Sağlıklı Yaşam Ürünleri,Aktif Yaşam Ürünleri,Sporcu Barları,,,,,,
Uniq2go Chocolight Portakallı Ve Proteinli Bar 40 G,,https://www.migros.com.tr/uniq2go-chocolight-portakalli-ve-proteinli-bar-40-g-p-6ddce2,Temel Gıda,Sağlıklı Yaşam Ürünleri,Aktif Yaşam Ürünleri,Sporcu Barları,,,,,,
Uniq2go Power Bademli Ve Proteinli Bar 38 G,,https://www.migros.com.tr/uniq2go-power-bademli-ve-proteinli-bar-38-g-p-6ddce3,Temel Gıda,Sağlıklı Yaşam Ürünleri,Aktif Yaşam Ürünleri,Sporcu Barları,,,,,,
Muscle Station Muz Aromalı Yulaflı Bar 40 G,,https://www.migros.com.tr/muscle-station-muz-aromali-yulafli-bar-40-g-p-7b4f5f,Temel Gıda,Sağlıklı Yaşam Ürünleri,Aktif Yaşam Ürünleri,Sporcu Barları,,,,,,
Uniq2go Crunchy Fıstık Ezmeli Proteinli Bar 40 G,,https://www.migros.com.tr/uniq2go-crunchy-fistik-ezmeli-proteinli-bar-40-g-p-6ddce5,Temel Gıda,Sağlıklı Yaşam Ürünleri,Aktif Yaşam Ürünleri,Sporcu Barları,,,,,,
Uniq2go Tatlı Ekşi Çilekli Pre-Probiyotik Bar 38 G,,https://www.migros.com.tr/uniq2go-tatli-eksi-cilekli-pre-probiyotik-bar-38-g-p-6ddce7,Temel Gıda,Sağlıklı Yaşam Ürünleri,Aktif Yaşam Ürünleri,Sporcu Barları,,,,,,
Uniq2go Peanut Xxl Fıstık Ezmeli Proteinli Bar 67 G,,https://www.migros.com.tr/uniq2go-peanut-xxl-fistik-ezmeli-proteinli-bar-67-g-p-6ddce6,Temel Gıda,Sağlıklı Yaşam Ürünleri,Aktif Yaşam Ürünleri,Sporcu Barları,,,,,,
Fellas Portakallı Kakaolu Yüksek Proteinli Bar 50G,,https://www.migros.com.tr/fellas-portakalli-kakaolu-yuksek-proteinli-bar-50g-p-6b43dd,Temel Gıda,Sağlıklı Yaşam Ürünleri,Aktif Yaşam Ürünleri,Sporcu Barları,,,,,,
Züber Şeker İlavesiz Kakaolu Hi-Protein Bar 45 G,,https://www.migros.com.tr/zuber-seker-ilavesiz-kakaolu-hi-protein-bar-45-g-p-6ddce9,Temel Gıda,Sağlıklı Yaşam Ürünleri,Aktif Yaşam Ürünleri,Sporcu Barları,,,,,,
Züber Glutensiz Protein Barı Fındıklı 35 G,,https://www.migros.com.tr/zuber-glutensiz-protein-bari-findikli-35-g-p-6b45e6,Temel Gıda,Sağlıklı Yaşam Ürünleri,Aktif Yaşam Ürünleri,Sporcu Barları,,,,,,
Fellas Vanilyalı Ve Kakaolu Protein Bar 32 G,,https://www.migros.com.tr/fellas-vanilyali-ve-kakaolu-protein-bar-32-g-p-6ddbe7,Temel Gıda,Sağlıklı Yaşam Ürünleri,Aktif Yaşam Ürünleri,Sporcu Barları,,,,,,
Züber Orman Meyveli Kolajen Proteinli Bar 35G,,https://www.migros.com.tr/zuber-orman-meyveli-kolajen-proteinli-bar-35g-p-6dd929,Temel Gıda,Sağlıklı Yaşam Ürünleri,Aktif Yaşam Ürünleri,Sporcu Barları,,,,,,
Züber Glutensiz Protein Barı Bademli 35 G,,https://www.migros.com.tr/zuber-glutensiz-protein-bari-bademli-35-g-p-6b6cad,Temel Gıda,Sağlıklı Yaşam Ürünleri,Aktif Yaşam Ürünleri,Sporcu Barları,,,,,,
Powerade Ice Blast Karışık Meyve Aromalı Spor İçeceği Pet 500 Ml,,https://www.migros.com.tr/powerade-ice-blast-karisik-meyve-aromali-spor-icecegi-pet-500-ml-p-7bbfb5,Temel Gıda,Sağlıklı Yaşam Ürünleri,Aktif Yaşam Ürünleri,Sporcu İçecekleri,,,,,,
Powerade Sun Rush Portakal Aromalı Spor İçeceği 500 Ml,,https://www.migros.com.tr/powerade-sun-rush-portakal-aromali-spor-icecegi-500-ml-p-7bbfb9,Temel Gıda,Sağlıklı Yaşam Ürünleri,Aktif Yaşam Ürünleri,Sporcu İçecekleri,,,,,,
Saka Sports Greyfurt Aromalı İzotonik Spor İçecek 330 Ml,,https://www.migros.com.tr/saka-sports-greyfurt-aromali-izotonik-spor-icecek-330-ml-p-7afcda,Temel Gıda,Sağlıklı Yaşam Ürünleri,Aktif Yaşam Ürünleri,Sporcu İçecekleri,,,,,,
Elite Organik Proteinli %100 Meyve Suyu Berry 200 Ml,,https://www.migros.com.tr/elite-organik-proteinli-100-meyve-suyu-berry-200-ml-p-7a802e,Temel Gıda,Sağlıklı Yaşam Ürünleri,Aktif Yaşam Ürünleri,Sporcu İçecekleri,,,,,,
Lezzet Paketi 2023,,https://www.migros.com.tr/lezzet-paketi-2023-p-16e3a0,Temel Gıda,Ramazan Paketi,,,,,,,,
Bereket Paketi 2023,,https://www.migros.com.tr/bereket-paketi-2023-p-16e3a1,Temel Gıda,Ramazan Paketi,,,,,,,,
Knorr Tavuk Suyu Bulyon 24’lü 240 G,,https://www.migros.com.tr/knorr-tavuk-suyu-bulyon-24lu-240-g-p-5c55ed,Temel Gıda,Bulyon,,,,,,,,
Knorr Et Suyu Bulyon 24’lü 240 G,,https://www.migros.com.tr/knorr-et-suyu-bulyon-24lu-240-g-p-5c5921,Temel Gıda,Bulyon,,,,,,,,
Knorr Tavuk Suyu Bulyon 120 G %20 İndirimli,,https://www.migros.com.tr/knorr-tavuk-suyu-bulyon-120-g-20-indirimli-p-5c55f5,Temel Gıda,Bulyon,,,,,,,,
Fide İlikli Kemik Suyu 480 Ml,,https://www.migros.com.tr/fide-ilikli-kemik-suyu-480-ml-p-4c9a98,Temel Gıda,Bulyon,,,,,,,,
Fide Paça+İlikli Kemik Suyu 480 Ml,,https://www.migros.com.tr/fide-pacailikli-kemik-suyu-480-ml-p-4c9a9a,Temel Gıda,Bulyon,,,,,,,,
Knorr Et Suyu Bulyon 12’li 120 G,,https://www.migros.com.tr/knorr-et-suyu-bulyon-12li-120-g-p-5c55f4,Temel Gıda,Bulyon,,,,,,,,
Zel İlikli Kemik Suyu 480 Ml,,https://www.migros.com.tr/zel-ilikli-kemik-suyu-480-ml-p-4cae51,Temel Gıda,Bulyon,,,,,,,,
Knorr Tavuk Suyu Bulyon 6’lı 60 G,,https://www.migros.com.tr/knorr-tavuk-suyu-bulyon-6li-60-g-p-5c55e5,Temel Gıda,Bulyon,,,,,,,,
Veg&Bones Paça + İlikli Kemik Suyu 480 Ml,,https://www.migros.com.tr/vegbones-paca-ilikli-kemik-suyu-480-ml-p-4c9988,Temel Gıda,Bulyon,,,,,,,,
Fide Tavuk Suyu 480 Ml,,https://www.migros.com.tr/fide-tavuk-suyu-480-ml-p-4c9a99,Temel Gıda,Bulyon,,,,,,,,
Knorr Cam Kavanoz Kemik İlik Suyu 4 Posiyon 480 Ml,,https://www.migros.com.tr/knorr-cam-kavanoz-kemik-ilik-suyu-4-posiyon-480-ml-p-5c5968,Temel Gıda,Bulyon,,,,,,,,
Bizim Mutfak Kemik Suyu Bulyon 120 G,,https://www.migros.com.tr/bizim-mutfak-kemik-suyu-bulyon-120-g-p-5c50de,Temel Gıda,Bulyon,,,,,,,,
Zel Tavuk Suyu 480 Ml,,https://www.migros.com.tr/zel-tavuk-suyu-480-ml-p-4c99a6,Temel Gıda,Bulyon,,,,,,,,
Bizim Mutfak Serbest Gezen Tavuk Bulyon 24X10 G,,https://www.migros.com.tr/bizim-mutfak-serbest-gezen-tavuk-bulyon-24x10-g-p-5c50e3,Temel Gıda,Bulyon,,,,,,,,
Bizim Mutfak Yerli Besi Et Bulyon 12X10 G,,https://www.migros.com.tr/bizim-mutfak-yerli-besi-et-bulyon-12x10-g-p-5c50e2,Temel Gıda,Bulyon,,,,,,,,
Knorr Tavuk Suyu 4 Porsiyon Cam 480 Ml,,https://www.migros.com.tr/knorr-tavuk-suyu-4-porsiyon-cam-480-ml-p-5c5969,Temel Gıda,Bulyon,,,,,,,,
Knorr Sebzeli Tavuk Suyu Bulyon 6 Adet 60 G,,https://www.migros.com.tr/knorr-sebzeli-tavuk-suyu-bulyon-6-adet-60-g-p-89b73b,Temel Gıda,Bulyon,,,,,,,,
Fide Paça + İlikli Kemik Suyu Jöle Kıvamında Sade 480 Ml,,https://www.migros.com.tr/fide-paca-ilikli-kemik-suyu-jole-kivaminda-sade-480-ml-p-8a476b,Temel Gıda,Bulyon,,,,,,,,
Fide Paça + İlikli Kemik Suyu Jöle Kıvamında Sebze.480 Ml,,https://www.migros.com.tr/fide-paca-ilikli-kemik-suyu-jole-kivaminda-sebze480-ml-p-8a476c,Temel Gıda,Bulyon,,,,,,,,
Bizim Mutfak Yerli Besi Et Bulyon 24X10 G,,https://www.migros.com.tr/bizim-mutfak-yerli-besi-et-bulyon-24x10-g-p-5c50e4,Temel Gıda,Bulyon,,,,,,,,
Bizim Mutfak %25 Az Tuzlu Et Suyu Bulyon 120 G,,https://www.migros.com.tr/bizim-mutfak-25-az-tuzlu-et-suyu-bulyon-120-g-p-5c50e0,Temel Gıda,Bulyon,,,,,,,,
Bizim Mutfak Serbest Gezen Tavuk 12X10 G,,https://www.migros.com.tr/bizim-mutfak-serbest-gezen-tavuk-12x10-g-p-5c50e1,Temel Gıda,Bulyon,,,,,,,,
Veg&Bones İlikli Kemik Suyu 480 Ml,,https://www.migros.com.tr/vegbones-ilikli-kemik-suyu-480-ml-p-4cae59,Temel Gıda,Bulyon,,,,,,,,
Knorr Sebzeli Tavuk Suyu Bulyon 12 Adet 120 G,,https://www.migros.com.tr/knorr-sebzeli-tavuk-suyu-bulyon-12-adet-120-g-p-89b73c,Temel Gıda,Bulyon,,,,,,,,
Bizim Mutfak %25 Az Tuzlu Tavuk Suyu Bulyon 120 G,,https://www.migros.com.tr/bizim-mutfak-25-az-tuzlu-tavuk-suyu-bulyon-120-g-p-5c50df,Temel Gıda,Bulyon,,,,,,,,
Veg & Bones Tavuk Suyu 480 Ml,,https://www.migros.com.tr/veg-bones-tavuk-suyu-480-ml-p-4c998e,Temel Gıda,Bulyon,,,,,,,,
Knorr Et Suyu Bulyon 6’lı 60 G,,https://www.migros.com.tr/knorr-et-suyu-bulyon-6li-60-g-p-5c55e6,Temel Gıda,Bulyon,,,,,,,,
